Wavelength (nm)	Z	E	HL
230.0	10670.648697278255	6701.106948917748	10141.216854555387
231.0	10398.702163801716	6465.920006052477	10637.976198956361
232.0	10077.142513143284	6254.283040954213	11136.700658058438
233.0	9706.360640247833	6062.531057500568	11631.880313990583
234.0	9266.494988440636	5878.105944677051	12144.00136836881
235.0	8812.361053004051	5718.015293330301	12612.17225226555
236.0	8331.710410763446	5570.490026493852	13058.587501888938
237.0	7835.317512869354	5434.8924387974175	13478.097715795804
238.0	7334.883383051017	5311.319605361608	13866.587967843985
239.0	6815.444075631813	5194.738891414723	14239.756271710223
240.0	6343.890978653838	5098.427844997429	14555.1765357727
241.0	5903.809938557946	5017.269546229428	14829.089511544129
242.0	5504.994116865666	4952.592219089647	15056.515898399159
243.0	5155.186319618219	4905.520643555104	15231.909871929493
244.0	4844.598879893279	4876.095755528776	15354.55890645436
245.0	4608.505293030376	4868.218547370117	15406.0
246.0	4427.9986431777	4879.984501146546	15389.847890972691
247.0	4300.089731004734	4911.654816718038	15301.40940718646
248.0	4217.623306278216	4966.642702201798	15122.329266278752
249.0	4183.009437572799	5038.65764180221	14865.108078770974
250.0	4184.384094716328	5129.24367281003	14517.574239880309
251.0	4217.871066913869	5243.668513683522	14052.125481207702
252.0	4273.617484665908	5368.226944458951	13523.779167479723
253.0	4347.3390258218715	5506.317018336019	12922.27413792449
254.0	4434.484330709972	5655.602012891761	12261.960132820983
255.0	4536.745781672556	5822.531904766176	11514.523581529113
256.0	4640.113890702611	5986.536584124997	10763.47288932486
257.0	4747.136411873143	6153.666461686332	9969.18041254097
258.0	4861.8626816422475	6330.89218600757	9081.568709383979
259.0	4970.5076663802965	6497.0613440538855	8201.656838759392
260.0	5077.693331358788	6659.563752401168	7306.049572050309
261.0	5188.154510074496	6825.249641379865	6381.159898370717
262.0	5289.371391940577	6975.221422924179	5563.671713248536
263.0	5391.643328429966	7124.797472254432	4798.153361079787
264.0	5483.4273113288145	7257.390452579085	4182.300881638779
265.0	5569.296129245797	7380.258454964208	3675.3217884823976
266.0	5652.4603680708915	7498.558659523904	3247.922236900108
267.0	5723.180896508056	7599.176534423192	2928.2229919466413
268.0	5785.0857068332925	7687.925949675466	2674.1622910080187
269.0	5840.160730351272	7768.016381975062	2459.1197757505597
270.0	5882.0097957083435	7830.267210841032	2291.9773065446466
271.0	5914.842040622728	7881.132783715865	2144.070071703516
272.0	5934.944489684084	7914.797182278579	2023.6948143741427
273.0	5944.351976130007	7934.624799842398	1911.9299844799991
274.0	5942.000928708405	7938.7168451529315	1817.616684773063
275.0	5928.496394368014	7928.587580744204	1732.3384741652644
276.0	5901.99974285107	7902.804859512322	1650.0720310540653
277.0	5865.187897100138	7864.454955325355	1578.6334716622098
278.0	5814.010467525634	7809.740833419232	1509.4588592689465
279.0	5754.225153053994	7744.8933718520775	1449.1707876148166
280.0	5680.161710462735	7663.2035217699095	1391.1119229578194
281.0	5600.88302325118	7573.818301553866	1341.1752763299467
282.0	5509.439339196199	7467.625934186311	1293.2103310619368
283.0	5417.318445789657	7356.604245981656	1252.3251477107858
284.0	5316.420845925511	7229.372259872391	1213.3071469681993
285.0	5219.243868122211	7100.55330097398	1180.4841477370367
286.0	5116.867167941381	6957.506127006368	1150.5445828521563
287.0	5021.696497248139	6817.143095496161	1125.9505112123027
288.0	4924.425332856863	6666.008332194408	1104.2523359339975
289.0	4836.105328447843	6521.848362084151	1087.8633063562067
290.0	4747.6159988067775	6370.427162971681	1074.172772542051
291.0	4668.376140096256	6229.028408940455	1064.9784086451218
292.0	4589.418657996349	6083.262817897169	1059.9174362964814
293.0	4515.039138586037	5942.2005859134815	1058.9404342164269
294.0	4448.286992845371	5813.582241738612	1061.8991385658533
295.0	4381.175958200222	5683.454644951593	1069.5125478759708
296.0	4320.422357984321	5565.837522479624	1080.6113239407687
297.0	4258.599371398855	5447.539321107247	1096.5277074054832
298.0	4198.814972693735	5335.344398201273	1116.7003954457261
299.0	4143.737568182789	5234.678242252768	1139.6638778283925
300.0	4086.9197035864768	5134.15715499012	1168.175233169684
301.0	4034.2104713312888	5044.24304820066	1198.5634448300282
302.0	3979.734038607985	4954.857407282489	1234.2687972280773
303.0	3926.3296937655	4870.756651938802	1273.915290404729
304.0	3876.7333808995177	4795.744470215275	1314.5575924926775
305.0	3825.4726165704624	4721.225364342233	1360.8653031215556
306.0	3775.236182897518	4651.003291196291	1411.2860620546335
307.0	3728.5428499429036	4588.122008021813	1462.5881813684414
308.0	3680.152922119895	4525.237968983851	1520.4543684744006
309.0	3632.612413545089	4465.595689036118	1582.494491356393
310.0	3588.2573530689383	4411.752558309126	1644.8958846465637
311.0	3542.091135331027	4357.4125972993	1714.5479088779175
312.0	3496.5395800904585	4305.425839887652	1788.6782351142058
313.0	3453.9526816372922	4258.030863157292	1862.702065178978
314.0	3409.6815969522627	4209.795495339469	1944.8268026577289
315.0	3366.217439948267	4163.190769580143	2030.9488168879452
316.0	3323.748034341357	4118.020800021375	2121.085861973551
317.0	3284.6506184759883	4076.5276891114568	2210.4571048404887
318.0	3244.89490383796	4033.9771236691613	2308.930000470274
319.0	3207.027911887074	3992.5724431951503	2411.784404096035
320.0	3171.4287241798847	3952.2776189273823	2518.9246455663647
321.0	3140.1660115273676	3915.0729499394906	2623.8779598447613
322.0	3110.147505075677	3876.7955446483343	2738.2925470729965
323.0	3083.565595694456	3839.5715451674632	2856.70379933276
324.0	3060.7997312468897	3803.523069735823	2979.0391211173337
325.0	3042.280276215433	3768.744701337132	3105.522103173151
326.0	3029.063796238164	3737.002195023398	3228.821765857898
327.0	3019.960161128081	3704.9868840001295	3362.397640469945
328.0	3016.144757230996	3674.52083772444	3499.183266444332
329.0	3017.943505856199	3645.7390571455235	3638.7537402744247
330.0	3025.7027041183733	3618.8314259954	3781.268109141274
331.0	3039.6603139512504	3594.100967317656	3926.100455524944
332.0	3058.9366958110195	3572.81850383039	4065.2550451607794
333.0	3085.996864264386	3552.8805994235768	4213.75519309789
334.0	3120.1580695722605	3535.976975372735	4363.784541270749
335.0	3161.6871203141923	3522.1850001564458	4515.008806078223
336.0	3210.8576933187255	3511.7873521282904	4667.117902421353
337.0	3267.970572103824	3505.195430433664	4820.088542264789
338.0	3333.222417532556	3502.483513066892	4973.413880083694
339.0	3406.7945055902446	3503.9975591371635	5127.012798970531
340.0	3488.9472344907035	3510.106226258118	5280.809189585502
341.0	3574.8666485086546	3520.2083844318468	5425.943270379784
342.0	3674.3493432901396	3535.810662175773	5578.7189565050085
343.0	3783.187508978428	3556.74338697776	5730.787167195341
344.0	3901.625609449673	3583.232741108031	5881.9260188297085
345.0	4029.695376014251	3615.554851978348	6031.878432552191
346.0	4167.299508477962	3653.7517681844997	6179.382031823662
347.0	4314.781922962513	3698.2443221524977	6324.780048427469
348.0	4472.476736887635	3749.0340044886157	6467.640110183438
349.0	4640.565180450352	3806.3470626857547	6607.380855543967
350.0	4819.304629834887	3870.393761022681	6744.2497892368265
351.0	5008.839409846958	3941.3070507546263	6877.671467749067
352.0	5209.093557652594	4019.210790211616	7007.024824642041
353.0	5420.170783811721	4104.17606695862	7131.814210288165
354.0	5642.228233861505	4196.355675766025	7252.011414440578
355.0	5875.41316306052	4295.775597446601	7367.245208459726
356.0	6119.833540283099	4402.479851770759	7477.097830313451
357.0	6375.316102501075	4516.526151871001	7581.57248086181
358.0	6641.955814703987	4637.940536598806	7680.180395882965
359.0	6920.002726943825	4766.834106158797	7772.701626497974
360.0	7209.240168858731	4903.202795570412	7859.091076144741
361.0	7525.252334798498	5054.606756357337	7942.603550069573
362.0	7839.807149876771	5206.588098457846	8017.088858802239
363.0	8172.444782503302	5367.641264739593	8087.933580405196
364.0	8514.814403446919	5535.714950549154	8149.326347117681
365.0	8868.600931552715	5710.474461712748	8203.333932957094
366.0	9226.977052583057	5889.794819979554	8248.024497941135
367.0	9577.55533000351	6070.593919305874	8280.14078994381
368.0	9945.015717681754	6260.445243426502	8308.682375630344
369.0	10326.475657300107	6458.982875782252	8331.76263961493
370.0	10744.695060823668	6678.5802618489015	8348.993637655352
371.0	11160.41433013397	6898.2866839953	8358.3183974791
372.0	11592.006214463794	7127.6850611714235	8358.586601102079
373.0	12033.25023226898	7363.694175874584	8351.20932990991
374.0	12479.190850318128	7603.946951167777	8335.63236564854
375.0	12954.111266628412	7861.54602081782	8310.9726265858
376.0	13412.300582582147	8111.526213568168	8280.79542984826
377.0	13874.211711093238	8365.003898662027	8243.07905530247
378.0	14336.598900836883	8619.923765890575	8198.816239034048
379.0	14799.124783421985	8876.563259407705	8148.169101049768
380.0	15287.464659361674	9150.375269269074	8087.342104139752
381.0	15756.010195890156	9415.55504296327	8022.896200592328
382.0	16231.52325051247	9686.509810607562	7951.1093022670275
383.0	16713.585958959527	9962.951035464424	7872.416740361371
384.0	17224.481485138946	10257.98135464061	7782.820555273756
385.0	17709.02798136664	10539.800893267377	7691.368582639457
386.0	18189.461357997072	10821.301289141344	7595.855330278062
387.0	18685.757550945265	11116.018805021182	7490.508210626968
388.0	19148.397858558783	11394.567411362123	7385.902154102609
389.0	19607.689482689017	11674.967143648153	7275.483364117176
390.0	20065.108776353005	11958.209597563882	7158.489395798587
391.0	20539.61902083283	12255.744016214592	7032.66754072365
392.0	20976.304902293905	12533.190343587437	6910.018122095511
393.0	21393.687112052477	12803.072979829532	6786.608378275953
394.0	21816.740480800105	13084.51377634345	6652.637915858758
395.0	22215.124518571745	13355.638313042042	6518.523329381497
396.0	22631.337111313704	13641.753214190881	6372.76330261517
397.0	23011.963199714883	13907.078977754763	6233.722435981609
398.0	23366.39062702927	14158.31358981106	6097.450555163777
399.0	23710.643201330848	14410.401940353042	5954.647610977762
400.0	24024.03618340801	14646.154340059631	5816.19762311578
401.0	24344.689270986517	14896.604072406762	5663.19417801299
402.0	24635.201688857695	15135.247540140976	5512.577507579759
403.0	24912.167309763096	15365.043036222283	5362.8159504745645
404.0	25169.524675016877	15590.089980788505	5209.397702356939
405.0	25378.47407184691	15789.068724092329	5066.52724136222
406.0	25574.8552140405	15986.726544073394	4916.263888978116
407.0	25733.487635531088	16166.17006124348	4771.306253817729
408.0	25871.42414545815	16346.997781483635	4616.411256891593
409.0	25982.639366337546	16509.468915456393	4468.225860196109
410.0	26068.427825741273	16666.721999089335	4314.559282240114
411.0	26115.833029810732	16800.458738185567	4172.489747568712
412.0	26139.0	16925.610145366412	4025.4004249484224
413.0	26133.55897314083	17030.561189135962	3887.9104390429316
414.0	26093.62994968632	17125.438231902815	3745.5720321244567
415.0	26024.965042387004	17201.188950187894	3611.155426715679
416.0	25918.600270529278	17267.22317868374	3469.4979209803723
417.0	25780.778735090393	17315.97673787712	3333.4668586492426
418.0	25598.086791558693	17351.04392217908	3190.69057407122
419.0	25388.35670375879	17368.989016476895	3052.800765176086
420.0	25168.424793621743	17370.0	2927.6513325616224
421.0	24912.40330279882	17355.10723869055	2804.8712192597222
422.0	24652.173361082503	17325.8530576019	2694.9802155370858
423.0	24345.073389258967	17278.195322283784	2581.452565299163
424.0	23992.81458867275	17211.22560348081	2468.1278353645394
425.0	23611.828329293898	17127.669104453245	2357.4926387853216
426.0	23166.6874959468	17017.112107814457	2239.8992418422154
427.0	22696.95759856047	16888.17446107546	2125.1503425607375
428.0	22251.966905136567	16754.45051419684	2024.3730552869483
429.0	21784.465342456402	16603.009708072386	1925.8612656506311
430.0	21302.319070313097	16438.45292563518	1833.1670321045772
431.0	20817.17608955387	16263.80500097909	1749.069739703277
432.0	20266.220127422333	16056.29385696635	1658.976397027357
433.0	19686.03454591952	15826.167096605546	1570.130479317452
434.0	19116.42895254383	15589.795929551274	1487.0356109382935
435.0	18510.20950214189	15327.329352722872	1404.3275629438115
436.0	17901.362625978352	15053.959848377852	1328.0056860510226
437.0	17269.40166514292	14759.331509686455	1252.8533465288795
438.0	16638.049048015793	14453.417468838808	1182.9488669061598
439.0	15972.662608705516	14119.8448015483	1111.6981624361447
440.0	15312.427951394853	13776.156376806544	1044.2136183934551
441.0	14668.68537937521	13430.339096057192	981.6674893232902
442.0	14076.336540985298	13102.756428905715	926.5085043203915
443.0	13455.77646139778	12749.740534953367	872.240596086838
444.0	12836.597815626072	12388.506301031506	819.9270618905585
445.0	12206.963451245769	12009.620505607461	769.4563979922588
446.0	11570.686711679327	11615.44800974821	720.2095295995387
447.0	10975.600280814057	11236.991616759587	675.5785148391076
448.0	10356.64219741195	10831.556594287991	631.4128055526269
449.0	9751.809767001634	10424.111959460153	589.3307423726933
450.0	9164.43633397692	10017.275786038728	549.3926721814288
451.0	8589.09520322492	9607.217870024115	512.1535387611891
452.0	8025.352667715366	9194.331786366301	476.30895606249544
453.0	7473.4332276139385	8779.00352565613	442.98685027488943
454.0	6938.911794846989	8365.466213160144	413.56236779478166
455.0	6431.3924709351695	7962.139608362667	385.4306913636716
456.0	5980.889549804136	7593.375173806683	361.2419055146752
457.0	5534.246172517108	7216.14803336604	337.8153511470963
458.0	5115.052210248531	6851.332986531706	313.6428967975524
459.0	4723.462107024295	6498.931316016589	292.80930939313976
460.0	4347.6115121539415	6150.7303340432445	273.31341120913
461.0	3978.6913926212073	5797.652528003553	253.12821847549046
462.0	3614.6700745830817	5436.998504421595	235.56408914353656
463.0	3274.8396910837046	5091.327849825514	216.729261036235
464.0	2975.4248320097863	4776.210986062991	199.92069117067828
465.0	2712.7723215056553	4490.252038479268	186.79554305577523
466.0	2480.012491131506	4229.121417511928	172.97585098070618
467.0	2261.7263966085557	3973.8944117194906	162.3246262859227
468.0	2046.6582141078532	3714.2926912743596	152.23301151619648
469.0	1836.8306887487452	3452.573683121302	140.108950175227
470.0	1636.170169543842	3191.5565349520634	131.21576587316636
471.0	1443.345315106671	2931.9698871240676	120.9848638986144
472.0	1280.3255935188697	2703.450018562011	110.53381388048298
473.0	1138.8561020936575	2496.895011587394	103.77553212445306
474.0	1016.5252154532469	2312.339274666831	95.8538017449673
475.0	908.8168309374015	2142.2457408868227	88.73682449486371
476.0	809.7155529171464	1979.1693397810375	84.34955495072988
477.0	717.5477722640812	1822.5321226929884	78.83599521220832
478.0	634.4853208891894	1674.5822655953082	73.73874644927838
479.0	559.1898517920029	1535.5012306788103	70.18251976535288
480.0	489.79979476310984	1402.2067341916147	64.8929775546005
481.0	429.78956803082406	1279.849090976704	60.359535399948534
482.0	363.70648131958365	1140.5872020473475	55.90203187254187
483.0	305.6370386018629	1016.2530049276043	48.872189146956586
484.0	263.6806454070503	922.8859676380994	46.19180313837533
485.0	233.44784958650072	852.5694454198208	46.38786648807467
486.0	214.35562837662803	804.2557861750871	46.45892558194711
487.0	199.24850260250503	761.114911777856	46.892122872739215
488.0	182.66474908135004	712.0759065202141	45.73358223474605
489.0	161.4426838560577	647.8814454537443	40.69682261438769
490.0	136.52783587252475	571.6279749176323	34.68444084032255
491.0	116.17066634984918	509.38807422370854	31.860528265559513
492.0	101.02581099454441	460.7884526156766	29.22415763964922
493.0	87.5026408051883	414.79498111725275	27.5525973733829
494.0	76.39370592824727	375.56243023588263	25.59554883968316
495.0	66.80563032191034	340.2714784786854	23.649795785569875
496.0	58.30685900723882	306.82139499643444	22.167228524727832
497.0	51.303671806845266	278.25713580764807	20.137556032225707
498.0	44.76747975023882	251.59641551790327	18.790065066942788
499.0	38.72117700075841	225.63464791842983	17.79520930064029
500.0	33.854106816538774	203.2890346660514	16.610635000627923
501.0	29.412822282096283	183.30310077425713	16.085181809182743
502.0	25.648747099218838	165.0498843417673	15.145025185210494
503.0	22.94929629992757	149.70940297763275	14.384557733350634
504.0	20.277684803256367	135.03926038484437	12.622292205316509
505.0	18.012353129197486	122.17056389756539	11.499017932430446
506.0	16.230729338163275	109.8300321228979	11.512660709412158
507.0	14.362611398034579	99.05379391608336	10.757015886745988
508.0	12.570914175131264	89.47794453858668	10.670279691482884
509.0	11.403907093093475	80.76019045945952	9.88245555543546
510.0	10.352652900897231	73.24908072732822	8.156850544900799
511.0	9.269804763293298	65.94110867103494	7.871746380677375
512.0	8.71233188599075	60.02726752353884	7.369737711094436
513.0	8.215528541536324	54.377814081668255	6.083219573906973
514.0	7.562815944743905	49.23687870266684	6.133437512119013
515.0	6.999207431666529	44.67947019010105	6.039218417280882
516.0	6.733268830321707	40.83659276011979	5.610303165979334
517.0	6.254689239885058	36.978266185881665	6.218921815438139
518.0	5.698590012382861	33.40190391855355	5.801885311560698
519.0	5.5343472845894945	30.81970030392917	4.870748000003904
520.0	5.392311895234872	28.154877122478435	4.2808365994824396
521.0	5.009796214168304	25.77201686156163	3.1145996712420705
522.0	4.7200934712776865	23.892445946334313	3.219900854994463
523.0	4.690697365550529	22.132986175738427	3.0995485158233453
524.0	4.394492680271667	20.42265723985169	2.9646856109365327
525.0	3.962159299779617	18.32389479251418	3.2203418623839513
526.0	3.828365809227014	16.76524301887961	2.1662630714987254
527.0	3.6515312915972453	15.286836769162004	1.6488902735109807
528.0	3.2950233800836775	13.863920408914298	1.886735516844561
529.0	3.371032002368873	12.96825053922948	2.8197791184072414
530.0	3.5276738679337165	12.30986472387251	3.2609856724326343
531.0	3.54882807485888	11.53341777290629	3.10462721382385
532.0	3.387012128379432	10.387705660502402	1.4492988646963163
533.0	3.024093851130977	9.312556999956264	-0.036455030185220776
534.0	2.58493800996394	8.184340196788419	-1.236436136736897
535.0	2.2996767347610745	7.447396707308381	-1.1262838717011812
536.0	2.2861233900644344	7.213637703076538	-0.15117385560792887
537.0	2.2496300937022076	6.9458601820348065	0.0844663507786761
538.0	2.354302208487722	6.888933439848797	0.3377610787860791
539.0	2.473168704543358	6.68161376072989	0.29481264947664626
540.0	2.395008030904314	6.233054822516763	1.0175384044309888
541.0	2.244913896054399	5.741337746563053	1.4713776862558243
542.0	2.2784309511825667	5.566655942783961	1.708312462721145
543.0	2.3991289803053113	5.513493463575416	2.4476969161587765
544.0	2.3103912032036846	5.088121790422064	2.488141561580026
545.0	2.064004217350304	4.522745863048328	3.193170116779064
546.0	2.0319981770025017	4.274965366780575	3.2543563355468312
547.0	1.957363204517643	4.273416217606317	2.1313665835571016
548.0	1.8704569604831238	4.340574729945596	1.6835875968251728
549.0	1.9644603951526987	4.340173563137494	2.1232861900996602
550.0	2.2614892703117695	4.715500968831887	2.519424634137544
551.0	2.596064573346649	4.946965142639073	2.2698286777831465
552.0	2.396702198991392	4.3636957640416165	1.9581787139271143
553.0	1.7520941360209414	3.500503139128949	1.749411506204074
554.0	1.410146912390936	3.0154228972774475	2.0483149339020157
555.0	1.6039688992181744	3.275255412402788	1.4465247859565615
556.0	1.9979316619541942	4.119293677096605	-0.07008540013799558
557.0	2.1609838932539382	3.923431135486177	-1.116951586299765
558.0	2.467857258648738	4.159844482652931	-0.9678341845039544
559.0	2.9563729159744727	4.77768982725668	0.4248386991250109
560.0	2.853944429196177	4.397333531581248	1.7421277712565932
561.0	2.0113934299974776	3.104305984952585	2.655269136116991
562.0	1.5373010955752529	2.58653657184831	2.984146840249209
563.0	1.6165606890545765	2.800141512712766	2.1082919388602006
564.0	1.3733330977419556	2.438187090159845	0.7731065023459973
565.0	0.7575258922518632	1.3751007832743936	0.7647984921714904
566.0	0.7392105615807296	1.1816122215562699	-0.28683341900470294
567.0	1.1279992434021575	1.9476236681105803	-1.6550944097237772
568.0	0.5640244237113667	1.4158754255417298	-1.6934762786462174
569.0	-0.730274206490771	-0.6813870259533957	0.06400929832860654
570.0	-0.7356314407120763	-0.994682737850638	1.1490155106507598
571.0	0.29909316555345494	0.33215839400451147	1.2264905507367025
572.0	1.0295543410448307	1.691581189953352	-0.052672721279254
573.0	0.6773047439123137	1.3502077085494728	-0.06800839759442714
574.0	0.358892720194694	0.7379240004230769	-0.06702680050190912
575.0	1.1239698706545167	1.765117473129333	-0.2525628770350079
576.0	1.7633122760570068	2.900491190460187	-0.9975381660866571
577.0	1.229832481933641	2.4274827548331577	-2.096727745093783
578.0	0.07317356172505737	0.4966033862629844	-1.514526860864413
579.0	-0.24446006043902502	-0.5426643503343457	-0.8530442288571051
580.0	0.7138438286012121	0.5905936311474884	-1.1994341941619548
581.0	0.9946636361163262	1.090626379553099	-0.9943230799575303
582.0	-0.4185472784681333	-1.0860042719032428	1.142002070554852
583.0	-1.7395862914501126	-3.354338214955929	3.1385990088522226
584.0	-1.625435993042297	-3.5961942853473166	3.871595968165992
585.0	-0.7404850033399263	-1.8138357419389162	1.690657941100347
586.0	-0.8283070139079993	-1.1504352784637286	-0.3820341109353515
587.0	-1.5099120448341319	-2.03198692487629	-0.45006305726122875
588.0	-1.1069747700692643	-1.6896660445102756	0.11720047990783225
589.0	0.4917704442137543	0.6290232183677845	0.21975603701010296
590.0	1.0529979643038843	2.219550486562299	-1.3192459436300428
591.0	-0.22719786128148603	0.5823299477965395	-1.9981697065857256
592.0	-0.874324282219225	-1.0948795361327053	-1.5188089003549576
593.0	0.1475795925765188	-0.0554998181627636	-1.676675319714647
594.0	1.2604648724811194	1.9483808814888484	-2.405191074910323
595.0	0.5564235614828434	1.415250611073899	-1.068454999510822
596.0	-0.8217592831930707	-0.7078131174770141	1.2282688063390645
597.0	-0.5264703644477626	-0.9761744288596227	2.8634815280920103
598.0	0.6504727844791028	0.6432616782516917	2.326604822656964
599.0	0.5668632999653842	1.2542869350495163	0.47509931547155776
600.0	-0.6697878269493638	-0.6903393600864423	0.3210170240337744
