Wavelength (nm)	355 nm LED	375 nm LED	405 nm LED	420 nm LED	450 nm LED	470 nm LED	490 nm LED
230.0	-5.2462628411689506e-05	4.25029288321944e-05	4.325190189349083e-05	1.4442796457233817e-05	5.755249793477263e-07	1.5457634799723134e-05	0.00011248719554675396
231.0	7.021259602777942e-06	-2.234732779141938e-05	5.62690291157911e-05	-6.44848783361881e-06	9.63895661639114e-05	9.24299940242564e-05	0.00015061937980287549
232.0	3.5045503911960696e-05	6.354808422687939e-05	9.077533832958932e-05	3.4870067817094013e-06	5.201040277803897e-05	0.00010964532670554914	0.0001279645113943769
233.0	5.911956420605837e-05	3.065528579518604e-05	8.97551172601084e-05	5.133191106091214e-05	5.138804893618475e-05	0.0002326944002342757	0.00011787227500277339
234.0	5.652462949401124e-05	2.7537484995975083e-05	0.0001234298594221433	7.711664932980493e-05	7.044274541999555e-05	0.00015671097924389117	0.00010826645759473888
235.0	-0.00012013054128720937	-2.8115259269959422e-05	8.371818869324573e-05	8.342167657073956e-05	7.909168566796582e-05	6.226737788273917e-05	0.00012442169596278954
236.0	-7.402054755787259e-05	5.5597692188887916e-05	8.617069092353334e-05	0.0001251101402682601	0.00011220091005473187	0.00014336031308288615	5.9800742490594544e-05
237.0	-3.1703150715366997e-05	0.00012785272571063047	5.426771341737524e-06	4.568561800932871e-05	5.233402677580395e-05	5.550963328272037e-05	3.433077209051202e-05
238.0	5.89199538435877e-05	0.00022052935446721574	1.6368704369176714e-05	0.00010092518503064803	6.949676758037461e-05	8.814459500961504e-05	6.300268162659901e-05
239.0	2.9765233107320676e-06	9.542349502934983e-05	9.986796552548785e-05	7.14753091668641e-05	0.00010635434024894678	7.835063653282838e-05	0.00018195701857180984
240.0	3.057528237360848e-05	-8.70694929485863e-06	0.00012078870317414064	4.625024731448648e-05	0.00015625644944283813	0.00012671318614139294	0.00014712635529086238
241.0	0.0001817853848448577	8.768232383446785e-05	0.00011263438148740386	7.825581371740571e-05	0.0002012259599015552	0.00017897510185740825	0.00012569710951816263
242.0	0.00010540290377647906	-0.00010182458276975696	8.030504034644023e-05	7.074228164788833e-05	0.00013109201638582968	0.00019373977619530555	0.00020704015182746436
243.0	-5.1863797324297916e-05	4.780319019085755e-05	9.117002239296705e-05	5.716641388087823e-05	0.0001169307992528405	0.00010528619106818403	0.00014829069679486218
244.0	-0.00012352391744911112	4.468538939164616e-05	8.90005011892516e-05	5.462558200766743e-05	0.0001482832076517396	9.770433127304625e-05	6.766004764261567e-05
245.0	-8.300301386878232e-05	5.6688922468610535e-05	2.3631884051186183e-05	3.4581241674547724e-05	0.00018355466710049957	0.00018654394930736075	0.00010637440265073732
246.0	-5.2263018049225916e-05	0.00011397851215413776	-8.344971951418323e-06	4.389762520965914e-05	0.0001132820275857321	0.00024851741198064477	7.682923698664074e-05
247.0	0.00014175825426642125	0.00010735318545581028	4.325190189349043e-05	3.796901750549842e-05	7.287525986473538e-05	0.00013940456014629614	0.00012165638489078357
248.0	0.0002875158420998226	0.0001755673850469936	4.365899740539963e-05	2.4378291072566985e-05	8.451149855362099e-05	0.00012007689009645213	0.00013660898104746254
249.0	-3.110431962797398e-05	2.9174330415561386e-05	8.633889642884863e-06	2.4888438602663743e-05	7.737928622200432e-06	0.00016594106942927409	0.00010812091490674161
250.0	-8.440028640603534e-05	5.0141540790264986e-05	-4.30573112108823e-05	6.620048276341117e-05	6.85507897407512e-05	0.00012341672536090334	9.211121922668822e-05
251.0	-5.605561493605272e-05	8.615214002116797e-05	4.19313237694903e-05	6.121292390118214e-05	9.760582338627958e-05	8.847424108766056e-05	0.00010157149394672233
252.0	3.543421882833715e-05	-1.5760973603083318e-05	7.020212123988646e-05	6.038826794233247e-05	5.4247320301051894e-05	2.5550877215785526e-05	1.6294968990663916e-05
253.0	5.752268130633518e-05	-7.628528161779007e-05	0.0001310703471395791	7.11880416256423e-05	2.963055862487741e-05	-6.628652429585501e-06	0.00016808450236292742
254.0	-6.763301595900462e-05	-0.0001333410362433714	4.7968252336352285e-05	3.138167561198197e-05	-1.3479002923601198e-05	9.853651472884948e-06	4.641081519454986e-05
255.0	-3.275534784838505e-07	-0.00013377588740747846	4.053627695428469e-05	4.861433379790096e-06	3.4509812745035604e-05	9.006608464877258e-05	5.994245510785788e-05
256.0	8.418532140030677e-06	0.00011483590737391623	6.343788178894015e-05	3.0561054698776884e-06	3.0306257081754933e-05	-8.524924204436695e-05	5.6598803354582424e-05
257.0	-7.151076132212447e-06	6.198918382727336e-05	4.4383825999777086e-05	6.996467813113243e-05	3.706324165047896e-05	-7.387645235166735e-05	3.0110034138499022e-05
258.0	5.623987065528039e-06	3.89174579131089e-05	-6.711069846947963e-05	3.5710500284864895e-05	-4.694922984256416e-06	4.397202055099568e-05	9.45854449227015e-05
259.0	-1.573432171819373e-05	6.728944518592644e-05	-7.031781677062467e-05	1.6445322069851061e-06	-5.4291189718715265e-05	1.430387352655071e-05	-2.5487272677671104e-05
260.0	-2.8309774553461692e-05	-8.906826489456805e-05	-3.2209705192301115e-05	2.084192858236225e-05	7.003732634586878e-05	-2.6901886229625745e-05	8.278630938431859e-06
261.0	-4.068561702627871e-05	-5.181054534397881e-05	-3.711470965287737e-05	7.85545456372204e-06	0.00012044443122858268	-1.684768084912555e-05	0.00011190502479475198
262.0	-0.00012172742418692655	-0.00010333220355096045	-6.928021967319602e-05	3.714839659229282e-06	6.449659899951122e-05	-0.00011936761112248049	4.903058357855567e-05
263.0	-4.82708107999303e-05	1.3585326419499667e-05	-2.504085251915005e-05	-6.0464691360427975e-05	5.84597294295667e-06	-7.074481461019513e-05	-5.459581027776299e-05
264.0	-2.9307826365791102e-05	-0.000190552680908919	-4.7679334644887365e-05	-3.364479936541021e-05	-2.802967305015149e-06	-6.167954746384038e-05	-9.971404355790494e-05
265.0	9.704553307433664e-05	-3.107717002921514e-05	9.671486740311238e-06	-3.816183380667647e-05	-1.712777459071442e-05	-5.426251070772564e-05	-3.873165728571538e-05
266.0	-2.9307826365786843e-05	-2.889470946976725e-05	-4.760545614837362e-06	1.2748908541757529e-05	-3.929068397614293e-05	-8.360101165412274e-05	-4.629987706173717e-05
267.0	-1.1742114468900522e-05	2.4419684196772773e-05	5.362787286778641e-05	2.3194550687191064e-05	-2.685783236968204e-05	3.0959068728722345e-06	-4.6008791685736394e-05
268.0	1.620333627615054e-05	-7.54278863980105e-05	6.558695448025798e-06	4.728540104060904e-05	-6.929169546129855e-05	1.0018474511903482e-05	-5.3285926085760096e-05
269.0	0.00010962098590961255	-4.7289734185116945e-05	2.56127512371855e-05	-6.159394997074766e-05	-1.1722186935733664e-05	3.590375989943081e-06	2.225072898647665e-05
270.0	3.057528237360848e-05	1.756052243849705e-05	-1.647754322554732e-06	-7.401579468422676e-05	-5.739940262033452e-05	-6.777799990775036e-05	-3.9604913413717325e-05
271.0	-2.4916398391568456e-05	-0.00014893004023944155	2.363188405118525e-05	-3.223322610251736e-05	-2.7128111752433155e-05	4.908960302142247e-06	-7.919252454983221e-05
272.0	-6.751855407284923e-06	-9.452441629318755e-05	-2.65500846608707e-05	-4.343170732148951e-05	-0.00015024037059465446	4.067555977049764e-05	-0.00016899236304611617
273.0	-6.05783655171609e-05	-5.621238778812386e-05	-4.36853305066981e-05	-4.351838287271755e-05	-0.00010154740600779642	-3.015557916235003e-06	-0.0001418563118755078
274.0	-9.318314235448105e-05	7.742229778337209e-05	6.558695448022447e-06	-1.774107393678474e-05	-0.00013348304886420491	-7.634879793703683e-05	-0.00010306152538191229
275.0	-9.318314235448019e-05	0.00010610606513612447	-4.550981344117284e-05	-3.863235822764285e-05	-9.172488422947223e-05	-0.00013139969297128705	-5.50324383417652e-05
276.0	-1.71315942554459e-05	-0.00012905406014445702	-6.201703999118869e-05	-3.1103967492199525e-05	-8.02380104626384e-05	-3.827467592232839e-05	-0.00010713672064592386
277.0	-3.409847506494234e-05	-3.2947850508736594e-05	-5.862126767232862e-05	-1.5858976252923712e-05	-4.956130052060791e-05	-3.514303818085985e-05	-8.123012218184611e-05
278.0	-3.19027610778354e-05	-0.00023615051759739398	-4.477564588270857e-06	-8.163829030386671e-05	-0.00014051031281568158	-5.145245078363575e-06	-8.312217712584856e-05
279.0	6.6220388778469455e-06	-7.05173501392475e-05	-9.665550075420997e-06	-8.624942962932331e-05	-0.00010077924355156274	-2.4594363683280667e-05	1.7302277594458184e-05
280.0	-2.1123801504737977e-05	-2.601074373049103e-05	-4.1453752060311105e-05	-9.321319105960737e-05	-0.00012442868954211437	-0.00015381562627864306	-0.0001486163867260554
281.0	2.3988140412270398e-05	2.3406398937021793e-05	-6.748800650490842e-05	-9.453065943831216e-05	-4.996671959473358e-05	-3.563750729793123e-05	-6.43471703737921e-05
282.0	0.0001858721443711122	0.00011701836793337033	-3.362461032516003e-05	-6.140574020235817e-05	-2.726325144380647e-05	-0.00010750035231270399	-5.7215578661771874e-05
283.0	1.8798270988191304e-05	-0.0001384074625420934	-4.9188566786603495e-05	-4.5690224542118194e-05	-6.956197484404409e-05	-0.00021084439778119212	-2.839812643768265e-05
284.0	-5.066613514950662e-05	-0.00017987421317161665	-0.00012861190824439703	-3.0539338187041603e-05	-0.00017672775010406827	-0.00015200257284937166	-0.00018907725399017842
285.0	-3.5096526877265494e-05	-9.798179574577264e-06	-0.0001272913301203993	-6.620508929620374e-05	-0.00012834774059197296	-0.00020886652131289464	-0.00012445630051797932
286.0	1.7201388088474832e-05	-6.911433977960323e-05	-7.47511861869124e-05	-8.088545123031944e-05	-0.00023686491276574364	-0.0002110092208202165	-0.0001503628989820566
287.0	1.0614246127141717e-05	6.292452406703885e-05	-9.210735581664491e-05	-8.079134634612656e-05	-0.00022199954671453965	-0.00013898155276641892	-0.000191260394310187
288.0	-5.8051718560702724e-05	0.00012122739901230643	-9.484283907350745e-05	-9.895358899538622e-05	-8.496789966073994e-05	-0.00015595832578596517	-0.00017714275357414593
289.0	-0.0001339591036201766	0.00012683511017200116	-7.855570887749282e-05	-9.005544939002288e-05	-0.00020691645560500988	-0.00014138980050327774	-0.00023428443002409456
290.0	-0.00011893287911241496	2.2315168657294194e-05	-4.881125875117242e-05	6.726195953410623e-06	-0.00019551216720512505	-0.00021298709728850696	-0.00022473521255028875
291.0	0.00011521007605862052	-0.00017223560121354604	-2.6267103634293775e-05	-3.618563123862343e-05	-0.00018862004294502768	-0.00014870611206888206	-0.00013697297168602249
292.0	0.00011940189367037803	4.671195991113295e-05	2.0424765750038844e-05	-0.00010478809181535394	-0.00018862004294502538	-0.0002180966114982766	-0.00015633014919007613
293.0	0.00013297539831797625	6.354808422687939e-05	-7.61660913197689e-05	-0.00010789355299372508	-0.00014469964324830337	-0.00022122824923974743	-0.00021454722439025455
294.0	-3.170315071536941e-05	7.976064838278187e-05	-0.00010814294732237917	-0.00022684212661373409	-0.00010591455182380063	-0.00011458774299075984	-0.00023943502403833594
295.0	-6.543730197189358e-05	-0.00010948986012940175	-0.00012974383235068366	-0.00011288111185595438	-0.00018997143985877325	-7.057999157117051e-05	-0.0002740741837824423
296.0	1.360840156411049e-05	6.908218064547872e-05	-9.767264933922357e-05	-0.00010384704297342345	-0.0001938904909086341	-9.595467132035189e-06	-0.0002697079031424303
297.0	-7.405381595161658e-05	-0.00012198704499957522	-9.949630484379755e-05	-4.7595848447031064e-05	-0.00018538795199298476	-6.0415904164646355e-05	-0.00015380740926473853
298.0	-9.198548017969162e-05	-0.00011307533104849469	-7.993917167406159e-05	-0.00010535272112050919	-0.000274298607276496	-0.00012431230229322272	-0.0001550202649980784
299.0	-0.0001046219250701642	-6.983533121441688e-05	-2.1938542005625137e-05	-7.651480216446451e-05	-0.00021205551775756163	-0.0001976310841527125	-0.0002724287428375537
300.0	-2.331951549185242e-05	5.7624262708371275e-05	-9.767264933922209e-05	-8.483785636642471e-05	-0.00020862071726846247	-0.00029440967856670807	-0.00025646351853439203
301.0	3.277099636071952e-05	7.523983722392145e-05	-7.43738781514856e-05	-0.00012436190772750712	-0.00020605306313234258	-0.0002490833428349252	-0.00027043561658242896
302.0	2.318969896241238e-05	-8.065020273668619e-05	-8.78626404180732e-05	-0.00012680863471652747	-0.0001449699226310447	-0.0002596320173325021	-0.0003009995810625242
303.0	8.347202842674367e-05	0.0001515480117846452	-0.00011644372410181195	-0.00013894816477742593	-0.00023686491276574153	-0.0002840258271081528	-0.00034655444240666713
304.0	3.057528237360848e-05	-1.6735286352834136e-05	-0.00010635073415408984	-0.0001878827045578136	-0.0002884882748708231	-0.0002602913094885957	-0.0003992408954628311
305.0	2.318969896241413e-05	5.105089935670346e-05	-8.960769008193052e-05	-0.00024113038486371454	-0.00022497261992478437	-0.00016408959571118347	-0.0003638255080493908
306.0	8.218921777570783e-06	7.29014866245129e-05	-0.00012125440155353261	-0.00018590650198976148	-0.00032348945493683077	-0.0002326010389324468	-0.0003359298261826282
307.0	-1.2740166281222969e-05	0.00018444081021633027	-9.871024643665572e-05	-0.00014901738738608595	-0.00034294957049477257	-0.00029243180209841645	-0.0002916848490304987
308.0	7.229384812871894e-05	6.760122526585427e-05	-0.0001404027843515534	-0.00010102389644763135	-0.00028551520166058446	-0.00033314309273751764	-0.0002528249513343779
309.0	8.145374587293409e-05	5.617794955985839e-05	-0.00012916214912939782	-0.00012023174892125888	-0.00029219710862299147	-0.0002653916668628684	-0.0002941186462020646
310.0	2.8579178748956634e-05	0.00017656836319832926	-0.0001130479517829537	-0.0002356879857278834	-0.0002103775332563302	-0.00029045392563012065	-0.00030900442890255213
311.0	9.045839111300367e-05	3.5643767073928645e-05	-0.00013530912587326061	-0.00018223641150623106	-0.000189430881093272	-0.0002510612193032168	-0.0003820668582787781
312.0	3.616437252261802e-05	5.567563720887097e-05	-0.0001236125767749649	-0.00022373666543536714	-0.00011861768281300494	-0.0003694041613229474	-0.0003354931981186371
313.0	3.4896916517374736e-08	0.00010259853923701391	-9.804995737465077e-05	-0.00014845275808092833	-0.0002282159725177732	-0.00036330570887903904	-0.00025486254896638506
314.0	2.5984244036922117e-05	1.0857250720194182e-05	-0.00011672670512838837	-0.00017451981100240175	-0.000248486926223957	-0.0004824727660938921	-0.00029430461741451216
315.0	0.0001465489029655739	-5.511203475669843e-06	-0.00011040679553495224	-0.00015823966603700638	-0.0002376757509139868	-0.00045758448720116757	-0.00033461994199063976
316.0	0.00018068227494702808	-3.0219774809427805e-05	-0.00013606374194412036	-0.00024058143970592062	-0.00021051267294770352	-0.0004699462151280208	-0.0004912238742791178
317.0	0.0003485545897797973	0.0001438314548065825	-0.00015370289260042445	-0.00020331590556547414	-0.0002928127449948059	-0.0004933510866695242	-0.00035761568669470553
318.0	0.00020423629771785804	0.0001686179711603288	-0.00011748132119924383	-0.00021112661095349812	-0.00022443206115928182	-0.0004974716626451437	-0.0003258873807106066
319.0	0.0001251905941818557	1.8156284024759973e-06	-0.00016832357897329713	-0.00020388053487063355	-0.0002825421284503399	-0.0004157194352888921	-0.0003653294491587287
320.0	0.00023798708317125973	9.575236831540475e-05	-0.00010124135450765597	-0.00021994894384659477	-0.00022955610779056297	-0.0005233900855317718	-0.0003427339468466544
321.0	0.00031302394526109976	0.0002170218285681004	-7.154406788576921e-05	-0.00018251872615880998	-0.0002878125764139498	-0.00043846501467429994	-0.0003969122124548246
322.0	0.000345693507917808	4.3680764689670196e-05	-0.00011888574555334187	-0.00017981059671369904	-0.00030330859435823696	-0.000523898289902101	-0.0003889558788441342
323.0	0.00037430432653775246	0.00024999257201977734	-0.00013578076091754472	-0.00014694707993383763	-0.00022267524517141199	-0.000416543550484009	-0.00032792497834261374
324.0	0.00040724003634441534	0.00013806352332805354	-0.0001340828747581177	-0.0001786604259068937	-0.0003044347584530238	-0.00048478028864024466	-0.00033272788704662436
325.0	0.0004834911948059192	3.548787703397275e-05	-0.00013153604551897357	-0.00017376697192885565	-0.0002564601680150521	-0.00048379135040609554	-0.00040229729191084345
326.0	0.0005217165792178971	0.0001745807651888243	-0.0001000779880650819	-0.00018948248758909406	-0.00034997683444624664	-0.0005188162461988445	-0.0003683130742627365
327.0	0.0005745135200897938	0.00035521834899318155	-0.00015455183568013932	-0.00022693623149792736	-0.00033632772561741536	-0.000509668567532969	-0.00041292190813487157
328.0	0.0007695328442177694	0.00020774637119044494	-8.474984912578214e-05	-0.0001419595210716042	-0.00034862543753249887	-0.0004500026274060301	-0.00034917421079067555
329.0	0.0007445150121221991	0.0002671881094832057	-7.060603818657715e-05	-0.00016878464111574638	-0.00030580867864865927	-0.0003670325409281002	-0.0004463967263749725
330.0	0.0007633449229813682	0.00022099702458709724	-8.918321854207332e-05	-0.00018731807525265592	-0.00025456821233581234	-0.0003764915520010115	-0.0004842378252550935
331.0	0.0008325265477722397	0.0003746959434304805	-8.000991693070533e-05	-0.00013783459031447767	-0.00031428118652178366	-0.0004390281600576339	-0.0004501363648861008
332.0	0.0011084601502181822	0.0003903975346776189	-6.84731997085277e-05	-0.00016104712841542946	-0.0002933082571965145	-0.0004236126274910735	-0.0003775873777703165
333.0	0.0011929840492573753	0.000428850411201241	-0.00011694680148238494	-0.00020611813989477727	-0.0002676129464337716	-0.0003201083374013175	-0.00036068421170004427
334.0	0.0012260417431744404	0.00047985243594169264	-0.00013427152877583195	-0.00019503467575648862	-0.00026159547628728955	-0.0003730302681814961	-0.00030885888621455293
335.0	0.0011162560438188788	0.0004764358458992196	-5.645174646860997e-05	-0.0001964462490193798	-0.0002524735471195026	-0.0004293722770214386	-0.0003970334980281608
336.0	0.0012178577183133911	0.0006511755898584096	-0.00015568375978642536	-0.00017969557963302092	-0.00027213637221450544	-0.00046500152395728087	-0.0004220910974788968
337.0	0.0014584547418707882	0.000597081745992069	-8.78626404180699e-05	-0.00017323371091842955	-0.00037997784593139545	-0.000495438845163838	-0.0005146077328178547
338.0	0.0017255666752422434	0.000661970975125677	-8.291833303713714e-05	-0.00012796926162157404	-0.00039372830952875954	-0.0005330459685679717	-0.0005042863305271559
339.0	0.002027078127745113	0.0007139213309425511	-8.776831340921438e-05	-0.00014412393340804553	-0.00038092382377102006	-0.0003369340226350837	-0.0005014118624391452
340.0	0.0025909108649202857	0.0007174873156066486	-0.00010676734510987585	-0.00015756524770028522	-0.00035497700302710415	-0.0005310131510866734	-0.00047825844648974666
341.0	0.0035805790420200515	0.0006826393962571193	-0.00011811016792495827	-0.00014189678448214545	-0.0003299761601228129	-0.0006113094415982033	-0.0005074276268765007
342.0	0.004754154899737224	0.0007832923987250303	-0.0001187075723143854	-0.00017677832822303634	-0.00030984034610800557	-0.00048510993471829393	-0.0005230977229512142
343.0	0.006580789326651342	0.0009791682339355312	-0.00011078410357037862	-0.00011862150979173242	-0.0003693018103128094	-0.00045873824847433555	-0.0004498897508869903
344.0	0.008834806173799172	0.0010385688345788502	-0.00019983666051568417	-0.00014769991900738465	-0.00034789343087088714	-0.000522881881161454	-0.0005047350871484941
345.0	0.01242358424635432	0.00105851626427548	-0.00017860522293873337	-0.00015466368043766873	-0.0003633106173285346	-0.0005218654724208001	-0.0003745956669614182
346.0	0.01708696470523798	0.0012613551879375618	-8.960769008192955e-05	-0.00014682944882859578	-0.0003828946109368978	-0.0005416854428635205	-0.0004387678638122877
347.0	0.02326931348569024	0.0014416030466420217	-7.157551022205581e-05	-0.00018309903961133406	-0.00024163984852764282	-0.000398880014801868	-0.0005540983154953129
348.0	0.03100451444673964	0.002100952961492114	-7.126108685919466e-05	-0.00011777456583399342	-0.0002820015696848405	-0.00043384996958160705	-0.0004902050754631075
349.0	0.04031274486919127	0.0023932467864182325	-5.362193620289376e-05	-0.00016859120329824182	-0.0004033570125391935	-0.000534556846425702	-0.0004638618489350337
350.0	0.05060787110259787	0.0030647950968952457	-6.88609885227179e-05	-0.00014421803829224014	-0.00035775487446091563	-0.00046494658294427325	-0.0004410116469189607
351.0	0.06588269368260649	0.0039013053816027462	-0.00010996660282694915	-0.00012168253255256463	-0.00029511387362849345	-0.00050831335587877	-0.00036547094899427965
352.0	0.08809846759141844	0.005210257753526491	-0.00010474717500351838	-0.00020030454927129468	-0.00029078564962419206	-0.000408302398532776	-0.0004290771465029268
353.0	0.1179241814140989	0.006834618979079339	-5.082880866284427e-05	-0.00015485711825517464	-0.0003274760758323788	-0.0004954388451638351	-0.0004894773620231126
354.0	0.16017135976687816	0.008715285081721983	-9.397031424157617e-05	-0.00023049130490077988	-0.0003660884887623459	-0.0005655710482688474	-0.0005249291351085543
355.0	0.21433066354152963	0.011248208102396405	-0.00010608871468504227	-0.00026492323641718815	-0.00029275268290975177	-0.000525253501556304	-0.0004332331988158234
356.0	0.2877507482321929	0.01461027127311137	-0.0001018230377289417	-0.0002277831754556639	-0.00037497767735054146	-0.0004364871382059997	-0.0004033160907268476
357.0	0.3843726432091177	0.019521664927090482	-9.309778940964916e-05	-0.00021559659295266828	-0.0003599771716079627	-0.0005310131510866703	-0.0004544743455590067
358.0	0.4841910597174215	0.025554120152051676	-3.20210511745843e-05	-0.0001817449748887815	-0.0003588660230344387	-0.0004708756339314065	-0.0005129622918729611
359.0	0.6006574018549388	0.03412734919331137	-3.1633262360393874e-05	-0.0001861940446914604	-0.0002533069085496497	-0.00044902284600738094	-0.000495460783640909
360.0	0.7194321103055084	0.046209338263167025	-1.013718511970512e-05	-0.00019042353643102384	-0.0003340303508640456	-0.00035308668045950793	-0.0004372275370309526
361.0	0.8267711410904848	0.0620259525432683	2.8183162228547915e-05	-0.00015021461063498292	-0.00043720199746789226	-0.00035483563604026745	-0.00039823018235171783
362.0	0.9038173420809477	0.08433254632477814	0.00010409282260640982	-0.00011520236566605233	-0.0003378930937091708	-0.0004685040135365514	-0.0003611329683213806
363.0	0.9612396376376836	0.11415323272979995	0.00011688985347470788	-0.00018251872615880998	-0.0003183091001008084	-0.0004385199556873054	-0.00047152709716971966
364.0	1.0	0.1562934196713956	8.93568476671555e-05	-9.779296209033806e-05	-0.00033330960584338696	-0.0005062805383974676	-0.0004918707306702251
365.0	0.9860822783717976	0.2064068105601604	0.0001579954677789397	-0.00012139237582630286	-0.000387755885946068	-0.0005340623773086283	-0.00046973207068438244
366.0	0.9367203213329036	0.2606917777806254	0.00019861634606543194	-0.0001290331696178699	-0.0004003952009699015	-0.0005462592821964537	-0.0005047350871484922
367.0	0.8924072311759401	0.3261292808453283	0.0001855284735864927	-0.00010301578316305203	-0.00038414465308210993	-0.0005777679531566779	-0.000394340958300146
368.0	0.846068849923551	0.39568909249368234	0.00028354209637323433	-8.27048123247168e-05	-0.00020983322061051652	-0.0004978104655586944	-0.0004703304128461603
369.0	0.7901351597343584	0.45833988355265687	0.0003374447415457673	-2.4093153619816203e-05	-0.00024941788854231637	-0.000460203342154558	-0.0004469950685367591
370.0	0.7925053165440663	0.5484882465035067	0.0002772405281426301	-3.763380084537402e-05	-0.00035192134444991065	-0.0006048721862407356	-0.00043083983016870843
371.0	0.8306612919972348	0.6571664898799775	0.0003396745272273629	2.800113861828771e-07	-0.00037997784593139545	-0.0005554069608623249	-0.00041408624963887883
372.0	0.8831038579389754	0.7706329174852323	0.0004092826193746233	-4.517787572817806e-05	-0.00029830842577737826	-0.0004517332693157879	-0.000433831540977601
373.0	0.9446946998660442	0.890757941321503	0.00047307387930901976	-8.424690401673454e-06	-0.0002780299643105578	-0.00037821303707526833	-0.00036831307426273317
374.0	0.9609442143012359	0.9643650784442879	0.00046648146946777665	5.502832458894696e-06	-0.00027747439002379624	-0.0005015372976077507	-0.00046793704419904257
375.0	0.9498243978553064	1.0	0.0005306605182163692	5.734416755102386e-05	-0.000245806655678364	-0.0005208490636801459	-0.0005639709611646728
376.0	0.9034864269131083	0.9826457361639354	0.0006931440313623355	0.00010551018411049573	-0.00024636222996512303	-0.0004964552539044952	-0.0004870839933759965
377.0	0.8417162794332211	0.9391870962185362	0.000704389906973874	0.00011982458260608258	-0.00027747439002379385	-0.00047206144412883155	-0.000423061382065574
378.0	0.7689924911341571	0.8699424379373558	0.000798040905600974	0.00010705768665055941	-0.00031553122866699823	-0.0005804783764650768	-0.0004090003412637491
379.0	0.698620600841371	0.7997858056012931	0.0010661968706139478	0.0001256277171313185	-0.00029247489576637246	-0.0005676038657501501	-0.0004463967263749725
380.0	0.6181965212157596	0.7142199840999818	0.0013378429349546594	0.00022312037715531782	-0.00024247320995778634	-0.0004242902333181787	-0.0004921699017511185
381.0	0.5495901956684354	0.6381981665518325	0.0017275706932164908	0.0002768960904225271	-0.00036358840447191514	-0.0004944224364231809	-0.0004544743455589978
382.0	0.49477521621094694	0.5758812746373414	0.002277649126146216	0.00034634026690786847	-0.0003966450745342566	-0.00048696877232507076	-0.0004164796182859954
383.0	0.4350426691321703	0.5061899221072117	0.003229961506595445	0.0004662717137627833	-0.00040914549598640307	-0.0004237820289478516	-0.00045088429258832735
384.0	0.38652595108366816	0.4506424988843814	0.0044122326538598815	0.0005067002176219443	-0.0003335873929867653	-0.000563030026417219	-0.0005129622918729598
385.0	0.3360561565330964	0.38891537796356956	0.006168140404516115	0.0005652151574180903	-0.00030622535936373216	-0.0005747187269347185	-0.00045806439852967866
386.0	0.2959343849619839	0.3398523113750139	0.008500884016281273	0.0008086566507518172	-0.00022233364206266572	-0.0004742636630669125	-0.000485139381350208
387.0	0.2613177452035355	0.2990644640346586	0.01214842560256061	0.001050067047001714	-0.00018997143985877325	-0.00042429023331817437	-0.00039793101127082815
388.0	0.22609425667480113	0.2579083502914306	0.016855794018023604	0.0013719475753349115	-0.0002316395113659296	-0.0004676570062526736	-0.00042365972422735024
389.0	0.19546049792593426	0.22289892886050408	0.022845192253201422	0.0016462424005611468	-0.00029830842577737587	-0.0004967940568180473	-0.0004936657571555666
390.0	0.16873350764649228	0.1925348552441075	0.030755211537863297	0.0021872879761308294	-0.0002721964342995545	-0.00045478249553774206	-0.00045193139137144185
391.0	0.15020225824743103	0.1716950784816539	0.04174320758796169	0.0026851001994875013	-0.0002630294585679815	-0.0005232206840750021	-0.0004003243799179484
392.0	0.12507096429499617	0.14232925756184242	0.05231403982119418	0.0036579957026436397	-0.0002827523457480316	-0.0005428712530609406	-0.00040152106424151
393.0	0.11411773378600905	0.13017045800507523	0.07084918177307459	0.004896578048146865	-0.00016219272552066971	-0.0004683346120797776	-0.0004643469912283655
394.0	0.09580292301191544	0.1079446953744244	0.08636170381274512	0.006215533806824698	-0.00020733313632008616	-0.0004427549921066964	-0.00042844646152159223
395.0	0.08711891300601621	0.09761801516368768	0.11409112465468478	0.008282513605805708	-0.00012885826831494544	-0.00047917630531340135	-0.0003452769010342201
396.0	0.07596011709208358	0.08519180789476173	0.14351266198734636	0.010652320308095396	-0.00014830336835161244	-0.00048798518106572526	-0.0004242580663891298
397.0	0.06499648815057879	0.07273305759021612	0.17618618523613214	0.013701430884319823	-4.368079337879557e-05	-0.000519774574440026	-0.00031407763116999676
398.0	0.05802381746781381	0.0635031037728911	0.22109437078479555	0.017987869223630996	1.3646536239521192e-05	-0.0004964552539044926	-0.00030055082444119496
399.0	0.05175181591095343	0.055902892727998005	0.27594234813912055	0.02356042587039947	0.00018254111941519012	-0.0004517332693157879	-0.0002659965645984169
400.0	0.04635084427068287	0.04932497887182569	0.3393676739289288	0.030065076457816968	0.0002143279053935023	-0.0004913732102012265	-0.000250225974762941
401.0	0.039543024498914614	0.042059033189284355	0.3974592803504259	0.03660036759552696	0.00023089989269006343	-0.00042341902582618767	-0.00019099010074676224
402.0	0.036960133579093286	0.039284200375765986	0.5073655994110955	0.049180491048054435	0.00032893494397698633	-0.00046223615963586246	-0.00017534772708880614
403.0	0.032004817420372735	0.03343359521269755	0.57749788508794	0.05911216891236417	0.0004751898749671019	-0.0004754494732643433	-0.00017100974641589997
404.0	0.029439968425741432	0.030466314907625046	0.6856451082199155	0.0747875958919369	0.0007900616019895007	-0.00041209332843034904	-0.0001959905316702025
405.0	0.026351739476518574	0.026325764096242647	0.7628987061317617	0.09007131129105639	0.0009836395570484585	-0.00039815400855854716	-0.00023714792465546856
406.0	0.023535299996827626	0.023111790277377597	0.8426845705401048	0.10943554218255601	0.001390796141489782	-0.0004415401416595325	-0.00021483830976625905
407.0	0.021530829212733513	0.021382463710195823	0.9276080716727844	0.13575784190571305	0.0017339823151982304	-0.0005550681579487699	-8.140800768940923e-05
408.0	0.01943434929942865	0.01886892734810203	0.9824953126445477	0.16581353295773427	0.00226872256620672	-0.00037211458463135694	-0.00019673845937242374
409.0	0.017439450465898374	0.016786923815071127	1.0	0.19888068053310293	0.0029891357438510823	-0.00038526013767712627	-0.00019622132078974587
410.0	0.015903882166377017	0.014795916267699315	0.9785877420388326	0.23453523853847102	0.0038703083097578203	-0.0005363275167877913	-0.00016129523403214798
411.0	0.01476671333772227	0.013135163996984632	0.9186457846708954	0.2718851740051951	0.0048570558637003975	-0.0003328134466594714	-0.00011021390890650689
412.0	0.01365592159267893	0.012294446784476455	0.8778507116490675	0.3291592267824148	0.00610124066857747	-0.00028768489857450643	-6.0825037324184245e-05
413.0	0.0125892323314339	0.011096777012467678	0.8196172077606119	0.3927122047944044	0.007867871659174519	-0.0003599951204094838	-8.974415133391813e-06
414.0	0.01132723541998179	0.009987915074334879	0.7205451320250592	0.4444168954122399	0.009898702033453432	-0.00034501035154729673	4.9030583578555675e-05
415.0	0.010460660299735216	0.00924353147296518	0.658848319476106	0.5197591843912217	0.012557402782753283	-0.00030062716987214557	0.00010183427935560874
416.0	0.009551014332738292	0.008412628899417327	0.5867202869767888	0.5862798024974967	0.015593274978560378	-0.00023942000351838424	0.0001561167350467765
417.0	0.008963233263115954	0.00755737283740452	0.5129240673265052	0.6383167391472888	0.01950694264228826	-0.00019339604773332587	0.00026951967019434833
418.0	0.008628871489683708	0.007144837560433657	0.4829739932295433	0.7415054271769688	0.025343889435153442	-0.0002327988265792777	0.00030428334979375
419.0	0.007949972250119326	0.0065228302386003715	0.43539839401270564	0.8087059571046055	0.03153970943855274	-0.0001901774200545935	0.00042060106604371324
420.0	0.007151332774107469	0.005710353001720117	0.3831724091767325	0.8509726729095655	0.0381191772972875	-2.8762031955760995e-05	0.0004544501369101019
421.0	0.006745916999000227	0.0053037138324828524	0.3298329718584108	0.8729016820064138	0.045456567534798535	-8.070854021052811e-06	0.0003909831290356093
422.0	0.006307899148549309	0.004998919853352442	0.30989159132963123	0.956121292250019	0.05833157304463113	-1.9004508045502216e-05	0.0005195326686213927
423.0	0.005752925309365418	0.004531552605548245	0.26461253840867466	0.9520576390085284	0.0681954770350704	0.00010000243536001365	0.0005735373225945816
424.0	0.005595612382707016	0.004515830414545809	0.24200287722672828	1.0	0.08621127491451612	0.00035512586930537023	0.0007019714676205816
425.0	0.00531084538803834	0.004007082836106473	0.2034131481115239	0.9543583663027887	0.09996611961196732	0.0005434470487817544	0.000882025445717822
426.0	0.00492475522285705	0.0035127711083953674	0.17760472779812195	0.9260453372049146	0.11958406674602666	0.0007547439058385051	0.0011170713423552011
427.0	0.004728861415236381	0.003492171353114863	0.15675720114722055	0.8880417698260356	0.1437934543949493	0.0011491104972116068	0.0011098912364138453
428.0	0.004553424501349879	0.003519660582105845	0.13904940663041596	0.8390277218746072	0.17378908871468243	0.0013027576185068784	0.00116583622854024
429.0	0.0041738875760525	0.0030051931382836148	0.11247202879767493	0.7088899541420838	0.18783236773988105	0.0015930778351285354	0.0012305170162286144
430.0	0.0038430134392310805	0.002795982023654758	0.10314847773648574	0.6645866034049129	0.23010322147462184	0.002092802452532687	0.0012926762190923582
431.0	0.004040947074651019	0.0027840890982728113	0.09320792143287775	0.6039245591023735	0.27416316727469564	0.0027780749055637214	0.0013857269729942497
432.0	0.003439432336828367	0.0024261569059654616	0.08054138150055426	0.5251872429883107	0.3123105645266387	0.0034099423393359187	0.0013803418935382395
433.0	0.0033401372709667876	0.002290610516219729	0.07498688842049127	0.48723358256634935	0.38018063054606505	0.004391454379892502	0.001522747328041792
434.0	0.003133135780358646	0.0023486102716428515	0.06817353590236165	0.4437410236778689	0.4500143738820552	0.005539488052459303	0.0017246878076424262
435.0	0.0030125045846425033	0.0021688430738949324	0.05759039137427845	0.38037659779679556	0.49673053225229935	0.0067749328767221775	0.0017251365642637518
436.0	0.0028297113952154944	0.0021239012744579578	0.05104121998581606	0.34112216477100327	0.5713413810930098	0.007918392709956019	0.0016919285742849801
437.0	0.002766318470936096	0.00191841871553488	0.045805489311018084	0.3127909718620658	0.6642528469396618	0.010108753546061736	0.001793796327327966
438.0	0.0025010529334174403	0.0016778479067839913	0.03953087240300277	0.2757513051278302	0.7302934068327804	0.012138521801144376	0.0017762948190959082
439.0	0.002460432224655886	0.0016804915420450023	0.035044931400442875	0.24971264051308822	0.8113482229320728	0.01502512262459692	0.0019522074146591242
440.0	0.002361254390277014	0.0017507504407217208	0.031187017152384807	0.22402085411949377	0.8810370248734197	0.01845390491056329	0.0019813509518103734
441.0	0.002398182307332972	0.0016388525700379917	0.027353492050819658	0.19959088471668557	0.9318333089004842	0.022148347401086316	0.0021635204968367696
442.0	0.002191385971819589	0.0015916379309350622	0.024993985471035138	0.18266496514884623	0.9969436469549506	0.02722783556237135	0.002145365086099338
443.0	0.0020948458458018623	0.0014286252008153004	0.02180087697658553	0.15950697651243217	1.0	0.03231423530309279	0.0022192176043532796
444.0	0.0020890428874073544	0.0014928415046097472	0.019444727539963878	0.1392455147017923	0.9805909527661517	0.03836047337798679	0.002476932121176931
445.0	0.0019356337691234394	0.0014374693624157324	0.017889339845285512	0.12850341528404643	0.9941926970637234	0.0471906840337772	0.002670641122180496
446.0	0.0018985124201210007	0.0012974047596784595	0.01541952119746409	0.10841879156277401	0.9041905197800246	0.05331933833741373	0.0028883137267633557
447.0	0.0020858776373739773	0.0014427428997675332	0.014250462569083217	0.09785868673393174	0.8640974537551874	0.06358193027103082	0.0033122348745116396
448.0	0.0018164093511999111	0.0014063225324316012	0.012568633561617838	0.08511311315269265	0.7830454353692682	0.07294741080989847	0.003601028992767162
449.0	0.0017398103003923987	0.001162174232846997	0.011305716190602205	0.07599804685197953	0.7238062952624436	0.08515930046658853	0.003931826730779625
450.0	0.0015615012151793256	0.001090651882513074	0.0097347726246346	0.06472172745022461	0.634547143029864	0.09359903592447043	0.004365556416108511
451.0	0.0014927156426949334	0.0010003562885335094	0.00888130484300253	0.061300434222922695	0.6156930152987956	0.11429996654304661	0.004903380542096716
452.0	0.0015520054650792231	0.001183927574423224	0.007746114027700991	0.05044173877897502	0.52231135899648	0.12140031244278784	0.005898457748116918
453.0	0.0013859353466618438	0.0009967993974550754	0.006847463309375483	0.046734132711184984	0.49936144238209695	0.14541375302744156	0.00662375102113584
454.0	0.001318832045954439	0.0009386256885429165	0.006145055890391355	0.040373631985374504	0.4439421453471307	0.1608200120742535	0.007465669729230789
455.0	0.00128253717890515	0.0009428280386201408	0.0054700706804107335	0.03630659634547555	0.41362826617077747	0.1879074211736364	0.008540531588651715
456.0	0.0013044829124698376	0.0008348029219291467	0.005010873326006719	0.03416633401103041	0.40103612734066263	0.22893746073329194	0.010431463774778695
457.0	0.001173863594426178	0.0008900926651020364	0.004419251631396724	0.028357761119723126	0.33984549286770993	0.24469446791637867	0.01162264335044961
458.0	0.0010259409095334444	0.0009074788585587898	0.004048204214298503	0.02659881446473922	0.32382638135423425	0.2952056843698374	0.014291181010025395
459.0	0.0010354366596335503	0.0008885270837007255	0.003635076171020348	0.02373332611848287	0.2995234191218701	0.34933276039804617	0.016358128364657734
460.0	0.0010900899768763685	0.0006756904121424925	0.0032151673633340717	0.020422356005300544	0.25801687687020336	0.3840313866304286	0.01850939067762984
461.0	0.0010010409426042795	0.000894130217137015	0.002986914867301331	0.01885570864809861	0.2371770313969416	0.4516637469579278	0.022113855146661317
462.0	0.0009999858592598205	0.0007221634600553243	0.0026582472277539545	0.016454802671548422	0.2032344584504787	0.49529904540162384	0.02548829979321441
463.0	0.0009919672258419541	0.000740044047638805	0.0023851220260791266	0.014647109686552504	0.18118785800571716	0.5608324926394274	0.02907553200798668
464.0	0.0008206216907022943	0.0005591781962759341	0.0021437068697247046	0.013538578349157221	0.16940003200732304	0.6585919050058553	0.035090973479183336
465.0	0.0008005751071576286	0.0005384136429531798	0.0019773787074780368	0.012519382122681881	0.15211530639505194	0.734894696535115	0.04112287790757411
466.0	0.0010126468593932901	0.0006316893348633274	0.0018242132055530528	0.010966562806034398	0.13063415358580557	0.766898677994782	0.045808050893721655
467.0	0.0009900680758219399	0.0007255418199213463	0.0016401353952968454	0.010176076401390807	0.12331876409004976	0.8698363734520896	0.056396194120141976
468.0	0.000780950556950746	0.0006576450265167685	0.0015008305735590823	0.009213684571725361	0.10996074229530632	0.9131787719369759	0.06480461104217917
469.0	0.0007442336565636743	0.0006537722725240298	0.0013942329683782153	0.008425685224735484	0.0995783922540116	0.9536663977121219	0.07480224184139392
470.0	0.0008275852407757069	0.0007774532032282117	0.0013755858662558367	0.0077185649926430665	0.08956962623668675	0.9690754446229063	0.08429567534411206
471.0	0.0009216241986298114	0.0007217708529546835	0.001217434508148394	0.007056720913648236	0.08193073843921678	0.991844503673505	0.09809802316369233
472.0	0.0009107258083188394	0.0007410328358922663	0.0011070476522688636	0.006521693367389304	0.07525314355597273	1.0	0.11312985250223347
473.0	0.0011595144609415882	0.0011100156524767946	0.0010956799001728735	0.005994337662504384	0.06917551007691874	0.987548876766011	0.13165037162678003
474.0	0.001010958726042163	0.0008001129340367713	0.00103335669789219	0.005475040024417386	0.06298158696287016	0.9555302590204784	0.1512785246657213
475.0	0.000808804757244385	0.0005932089919993325	0.0009770165230304603	0.005072833060665332	0.05892273583284813	0.9462168766896324	0.18005300437158817
476.0	0.0007758861568973584	0.0008909990543343771	0.0009169868145937156	0.00478085249212408	0.05338754921383775	0.9009440566439961	0.2076387662523916
477.0	0.0007699776901684012	0.0006572330314111618	0.0008562590862914261	0.004384316019822398	0.048126514695017865	0.8456601913079296	0.23521929691315233
478.0	0.000800848187552662	0.00071159215034549	0.0007150655049174814	0.0039228234535071274	0.042934717804664645	0.7787739023280675	0.26101568287098226
479.0	0.0007666014234661449	0.000639517241869928	0.0007476671386375743	0.0036521262465809457	0.03963694275451721	0.7445077742432047	0.30030044388972343
480.0	0.0008136581406288821	0.0006910166300711938	0.0006550299307675811	0.0033956608613341503	0.03644340651290266	0.7065996196103388	0.3411041140844399
481.0	0.0008366589575380246	0.0008150271568598571	0.0005917095572504156	0.0031476514721098465	0.0327782829431334	0.6561429407458783	0.3798709933694773
482.0	0.0008377140408824823	0.0005385784409954267	0.0006345879204195146	0.0029491842713467126	0.02969675047773002	0.6222381587801932	0.4298076044621845
483.0	0.0008001530738198474	0.0006859078907616254	0.0006757710924865879	0.0027081386435526852	0.027027946213186594	0.5880922265807254	0.48080415305125035
484.0	0.0007843392363982358	0.000798450412610606	0.0005992763272214295	0.002499143874039054	0.02449997862972992	0.5529184335327105	0.529709290639012
485.0	0.0009417452586458485	0.0007891538642275399	0.0005976925846693573	0.002277181293324161	0.022338073808260202	0.523703197504397	0.5826252354056135
486.0	0.0008655682411761206	0.0006207302650540934	0.0005143290692987265	0.0022176908742482936	0.020434009612669272	0.49940086451540033	0.6383543456800389
487.0	0.001057823045653858	0.0006584932517341946	0.0005182854928223349	0.0021474739218096416	0.01857757307326663	0.4726204689361945	0.6898606033528074
488.0	0.0010056833093198862	0.0007098036068870175	0.00039875692298943917	0.0019385435231999905	0.01726161694105369	0.44327715515705723	0.7394033614998233
489.0	0.0009273961251612515	0.0006757728111636185	0.0005288877693514906	0.0017235622596164667	0.015839140410779183	0.41262389379296915	0.7856313453008784
490.0	0.0008613479077982972	0.000718208307041466	0.0004915935651067361	0.0015525521753498828	0.01437594822206048	0.3849532983984489	0.833806112254992
491.0	0.0008764418059966337	0.0007339852960857136	0.00039264191702449166	0.0014119778248639066	0.013072240401959558	0.35651310905400746	0.876385025933067
492.0	0.0008836101663663198	0.0007614677931305351	0.0003518898748743741	0.001316430921710133	0.011892935935785888	0.3284256101260718	0.9192201653118822
493.0	0.0008655806539213536	0.0008148211593070556	0.000412863963129209	0.0011722400968006944	0.010817752627119507	0.30010224458155543	0.9478309340770091
494.0	0.0009479081866519968	0.0007853877442621399	0.00040146981532401495	0.0012035770232369826	0.009781835348191072	0.2746160943534466	0.9738427684658482
495.0	0.001020460682514885	0.0008248302168727621	0.0002756209395657177	0.0011452043171301719	0.008874010623201641	0.25009080911774956	0.9906440579839304
496.0	0.0010571713765293415	0.0008367053699168184	0.0002783924890318481	0.0010321456021443632	0.008057659570485605	0.22906352445738323	1.0
497.0	0.0009649570922238783	0.0008409828485132973	0.00030611971511944775	0.0009670988036751712	0.00732013890663129	0.20763974814266237	0.9964795156188215
498.0	0.0009375249252680257	0.0008537546967872189	0.00031419680213502115	0.0008355831949489248	0.006674259987943828	0.1888728933162574	0.9856435048780112
499.0	0.0010072100769830366	0.0008444242193954604	0.0003100086829417586	0.0007799140668091741	0.0059481766844904655	0.17154238290764254	0.9719364503384187
500.0	0.0010185056751413353	0.0010931238531467372	0.0002439020956755756	0.000654361544551377	0.005449924591786076	0.1567722898209795	0.9584376399890832
501.0	0.00105379510982708	0.0009827915638643272	0.00021707232370081825	0.0005816048673557967	0.0048559129680247545	0.14323312067499624	0.9349560598497216
502.0	0.0010645569599405324	0.0010227550891085152	0.00023013526689884658	0.0005552420562268598	0.004285179440009625	0.13242892808386028	0.9187832815085869
503.0	0.0010506546852841676	0.0008588440480918171	0.00025139554423214623	0.0004941950316548145	0.0038601651106366527	0.12092827684937922	0.8851707830655591
504.0	0.0010161162216847713	0.0008423036563518739	0.0002458524452998916	0.0004230212935070422	0.003390443391599517	0.11049920570529286	0.8499411181102273
505.0	0.0009833155424174172	0.0008467507799918353	0.0003035270699045739	0.00037050341371200416	0.0030778530206714665	0.10010904678759901	0.8049759354416082
506.0	0.0010846035434851997	0.0009031941094604361	0.0002540673765746301	0.0002965880602448294	0.002757842231496507	0.09250863262749809	0.7709636197379929
507.0	0.0010402279792918981	0.0009275502907038631	0.00020828255253680926	0.00029101705110060115	0.002520414058530139	0.08506525105545343	0.7339265501567033
508.0	0.001134614494012415	0.0010482163866352271	0.00023143158950628416	0.0002946978964280346	0.002279540391247528	0.07741322041382731	0.6956054332681476
509.0	0.0011423228087995565	0.00130518015750492	0.00019812020449433857	0.0002850773722335918	0.0019583362845289167	0.07043255251502703	0.6577363870120102
510.0	0.0011278619606078894	0.0010132792016794754	0.00021697260657716906	0.00026624595687001207	0.0017575227914059062	0.0631302963071844	0.6192493146453969
511.0	0.001150142838293763	0.0009988012089682111	0.0001786167082512077	0.0002488248494935782	0.0015986182742706858	0.0579665982546738	0.5891518566754927
512.0	0.001192644077957497	0.0011085324700965576	0.00018306878453648037	0.00018626218272787973	0.0014613699494596222	0.0525324056501508	0.5577704781060755
513.0	0.0011331373773301775	0.0011666237799876004	0.00022255676550151653	0.00011095407697464917	0.001157931147581229	0.04731143339216678	0.5229914809473364
514.0	0.0011909807700968284	0.001396364368378951	0.00027479973972389807	0.00012972404738443248	0.001001245192639887	0.04281553125651486	0.49173640285491077
515.0	0.0013208801489172101	0.0012079735475871306	0.0003169888815971981	7.145374953395538e-05	0.0009021242037134495	0.038970995089372164	0.4609522793752114
516.0	0.0011705618041952905	0.0010983828494948223	0.0002267595489776671	9.582691453995226e-05	0.0007613841645404601	0.035066012496535306	0.42947648995479293
517.0	0.0013040608791320598	0.0012332021890541847	0.00019433681950882647	4.032163961032497e-05	0.0006779149638188155	0.03160216837964142	0.39827873354427196
518.0	0.00119116696127526	0.0011355593490245829	0.00015794006937691689	4.062008652876182e-05	0.0006744862767919311	0.028902296361971763	0.3737116933470994
519.0	0.0011740746110950702	0.0012672329847776024	0.00018586086399865543	6.398173214219668e-06	0.0005554822645675102	0.026080978019918738	0.34597945730509116
520.0	0.001228777579318808	0.001271251148807619	0.00014535811465766148	-1.9484782085069265e-05	0.00037534173734181576	0.02392934150270677	0.32154334241785026
521.0	0.0013969082134441862	0.0013425868895937047	0.00015993441184989488	-3.8020676480386965e-05	0.0003175456710983687	0.021789322793638124	0.30137653662444813
522.0	0.001388653737866977	0.0013000908062003331	0.000167530510386694	-6.044808461615725e-05	0.000275926620851811	0.020121754782724426	0.28209985278818744
523.0	0.0012707016263294002	0.001306282850287586	0.00015398071299672962	-7.673099737226983e-05	0.00018827660690499563	0.018298317501994128	0.2632427299954255
524.0	0.0014429594982433862	0.0014186726915974093	0.00023261059785060524	-6.065290112881639e-05	0.00018974724472289848	0.017031633056143497	0.24528491547181813
525.0	0.0013317040627568017	0.0012498467913208632	0.0002117873161474149	-0.00013954236990333343	0.0002144707673529529	0.015093309130969934	0.2272576877265523
526.0	0.001481103864331784	0.001292035090135329	0.00017130216394588963	-0.00016829275637980117	0.00020489901606960217	0.014069466086385991	0.21097890024983987
527.0	0.0014264505470889576	0.001286349557677914	0.00025067699437056	-0.00022081941402537982	0.00010503850641188224	0.012711776330872315	0.1945365602170771
528.0	0.0014811907535483726	0.0014284272815978933	0.0002646373916814285	-0.00017995851975061446	0.00015739321272910828	0.011675398147903642	0.1800990038108063
529.0	0.001366931433716397	0.0014312264248154195	0.0001808750078162026	-0.00021467491864572065	4.268346293293982e-05	0.010663413774710596	0.1661261480846516
530.0	0.001505519734197015	0.0014176548213365205	0.00021906080046064455	-0.00010550771740036717	-9.377115820712022e-06	0.009775909577872876	0.15358303095407064
531.0	0.0014564273268167353	0.0012878763630692943	0.00024338884577444008	-0.00011636299257109889	-5.055497472189521e-05	0.008993693368816709	0.14263167995681092
532.0	0.0014055971351044146	0.0013341894599411114	0.00017676900860712013	-0.00017330198308931498	-3.34955760342619e-05	0.008136502067950085	0.13160177015336935
533.0	0.0013664969876333913	0.0014466641237727	0.00022665689899744029	-0.0002771439550056283	-0.00019467748087605114	0.007456703986702067	0.12248007909363699
534.0	0.0015233320236004814	0.0016095233655197734	0.0003385453774448615	-0.0002460118450820025	-0.00022056070647108285	0.006716100747263261	0.11429650055208061
535.0	0.0016290265492245215	0.001602926596828775	0.0004034436278009498	-0.00018550319534321705	-0.00018882854418314715	0.006113425028055909	0.10551611944849143
536.0	0.0015381031904228616	0.0015282633896897355	0.00029276348626362407	-0.000237204735037816	-0.00020438369047418782	0.005462510037542214	0.09716893857283937
537.0	0.0015279495648256375	0.0017210867931177771	0.0002729139129443063	-0.00024389930905146587	-0.0001803996885754118	0.004970400798568023	0.09043205031394932
538.0	0.0015793755683089414	0.0016283539653468041	0.00031216433252652484	-0.00019050657015237118	-0.00028070979322317294	0.004504873637599397	0.08308869802694469
539.0	0.001577855007018391	0.0015315714680377145	0.0002947138358879362	-0.00024201792308522013	-0.0002917395768574234	0.0041513427621007485	0.07656483265067031
540.0	0.0017366450503590312	0.0014882271594269065	0.00034141957689122016	-0.0002347469368859529	-0.00028997481147594544	0.0036311806418845493	0.07114823464136683
541.0	0.001588498936052177	0.0016809439288276347	0.0003071344834954053	-0.0002730476247525227	-0.0002611503102451113	0.003252000392871775	0.0655984351078719
542.0	0.0015441854355850177	0.0017445608201350684	0.0003083662832581281	-0.00030397491816349764	-0.00020232479752912646	0.0029047473360653926	0.06029286476617637
543.0	0.001478584077050322	0.001666354455087777	0.00032150548072718547	-0.00033613111065040424	-0.00021408990007232493	0.0026923776980185108	0.05538800768988436
544.0	0.0015100814180686343	0.001573473793778894	0.00036359197262025037	-0.0002473431524142617	-0.00032541718288731856	0.002379921693392111	0.05145674130230263
545.0	0.0016684370153262572	0.0017716192045711837	0.00032520088001535653	-0.0002894329457649591	-0.0002826216223864472	0.0022843194830213373	0.047492689283914716
546.0	0.0018343954190365788	0.0016919708566542463	0.00032745917958035167	-0.00022665668463606135	-0.0003515945360459362	0.002028543212873656	0.04400204910358668
547.0	0.0016625719932055988	0.001588741847692703	0.00028742568729181846	-0.0003226132208151422	-0.00034218245401137793	0.001860477038169321	0.04048258290970001
548.0	0.0015150775480232636	0.001747784075961324	0.0002977933352947474	-0.0003113483126190926	-0.0003774777616409649	0.001640035918946672	0.03727339232329388
549.0	0.0015715555388147282	0.001620889583433385	0.00033515792809737395	-0.00029864968883445454	-0.00040291979589063715	0.001376188167623223	0.03424998697812039
550.0	0.0015146431019402566	0.0018760357288371513	0.0003760126202277156	-0.00023525897816758942	-0.00045306854548100617	0.0011313532386249138	0.03159387572878503
551.0	0.0017077543858387805	0.0016557516398698702	0.00033587647795896416	-0.00020914487280402128	-0.00042453817181375454	0.0010314462382937345	0.028458334023174332
552.0	0.0016475836033417106	0.001747105495787369	0.00028024018867593063	-0.0002908666613535495	-0.00044674480286403155	0.0009087597244220439	0.026379376583772072
553.0	0.0016378085664739642	0.0016716982739576217	0.00021598130105383824	-0.00031083627133745857	-0.00043645033813874943	0.0007186315011706235	0.024110515901200325
554.0	0.0017047132632577102	0.0015586298524738159	0.000322942580450363	-0.00035937778483678993	-0.0004235087253412257	0.0005921782960835906	0.022415799719454035
555.0	0.0015869191321139548	0.0016890560463616255	0.0002849434241336063	-0.00041991968400945215	-0.0004267976062794352	0.0004888144189660216	0.020467783222760407
556.0	0.001497265258619801	0.0017728915423973462	0.00031431998211129346	-0.00031380611077095596	-0.0004476271855547775	0.00037855309429825004	0.018929435925752854
557.0	0.0015224631314344544	0.0016785688982188121	0.0002995383849586047	-0.0002974207897585195	-0.0003999785202548327	0.0003380163221710604	0.017372831193584227
558.0	0.0015294142687626393	0.001668559840653098	0.0002898892868172708	-0.00031708317497344514	-0.0004482154406819375	0.00013174513656807868	0.016201734796590466
559.0	0.0015131225406497138	0.0014295299743805612	0.00035774092374731605	-0.00033695037670102143	-0.00041821442919678497	0.00019057726602702028	0.014848179236851677
560.0	0.0016089179019537101	0.001606724222302262	0.0003014887345829204	-0.0003599922343747628	-0.00041365545196129404	0.0002619650328704929	0.01343253687867879
561.0	0.0016610514319150918	0.0017956239782245679	0.0003908968673606314	-0.0003034628768818527	-0.0004498331422816249	0.0001373054902669646	0.012371201071773958
562.0	0.0014095071498515179	0.001623773549172661	0.0003504527751511995	-0.00034698638582114047	-0.0004229204702140639	9.802428187821953e-05	0.011471734417929267
563.0	0.0013999493360252653	0.0014682090442954914	0.00031781008143901484	-0.000397576064447038	-0.00042968540417640574	-0.0001050183112544401	0.010462190404616007
564.0	0.0013721447867125404	0.001509008677254009	0.00031596238179492546	-0.00038661838101997304	-0.0004648336480241993	-0.00017873783932646648	0.009809011943539147
565.0	0.0014224220470464856	0.0016484183473082484	0.0003541108471738324	-0.00038320166919521867	-0.0005268009778966066	-0.0002407822552331347	0.008807127989772952
566.0	0.0014742396162201964	0.0014716019451652222	0.0003432672765353078	-0.00035026345002362467	-0.0005891025436367211	-0.0002442065199743664	0.00808832067265191
567.0	0.0015367998521738418	0.001697229853002357	0.0003574329738066372	-0.00033070347306503344	-0.0005070409533979157	-0.0003367595041231708	0.007479489924742271
568.0	0.0015197774647394756	0.0015833106359216663	0.00036627331452799845	-0.00034416240057088957	-0.00046482919154596544	-0.0003335526530163046	0.0069316516810457
569.0	0.0014916174595406536	0.0015387813823859017	0.00031637298171583627	-0.0003478056518717645	-0.0004905698098374457	-0.0003869820536612928	0.006332784769990489
570.0	0.0014331844613756379	0.001449972202120674	0.0002911210865799972	-0.0003640885646278774	-0.00046880437013252697	-0.0004040218472545823	0.00582041029821951
571.0	0.0014907485673746352	0.0014546374408165661	0.00026176319223507376	-0.000316878358460788	-0.00048704027907448585	-0.0004526301005575392	0.005362836929147979
572.0	0.0013136525458998342	0.0013450775872776263	0.0003417368586482866	-0.0003562962273054775	-0.0005036183781126233	-0.0005163214247445172	0.0049112677796838075
573.0	0.0013353616850175845	0.001387288358552411	0.000330949278908068	-0.000315990820239282	-0.0005433166862394416	-0.0004242902333181773	0.004473770869938931
574.0	0.0012652710502917585	0.0015723711009962328	0.0003350552781171438	-0.0003557934958653271	-0.0004426270169739168	-0.0004210616408478702	0.0042915228867804
575.0	0.0012833005627367233	0.0013728685298560524	0.00032745917958035167	-0.0003533356977134608	-0.0005332183065565358	-0.0005507434384052158	0.003962399501203852
576.0	0.0012891655848573853	0.0015121471105585026	0.0003486050755071095	-0.00035845611052984585	-0.0005723372725126646	-0.0005638371745347861	0.0035968476369542418
577.0	0.00150725751852905	0.001577460452300812	0.0004248740108157595	-0.00036224521601397475	-0.0006167505346132244	-0.00045962538424320476	0.0033136558114437113
578.0	0.0014116793802665833	0.0014835079427626256	0.0003801279512531811	-0.00029868692820038937	-0.0005499835776805875	-0.0005052333293919311	0.002885498798865912
579.0	0.0013646802131044463	0.0013268124709289056	0.0003513610719459321	-0.00037919223079596636	-0.0005449834090997264	-0.00046309856705216467	0.002595030876692876
580.0	0.0014387598527742852	0.0015471299748290057	0.00045119906483579467	-0.00035123167353799493	-0.00046195030660547336	-0.0005194630517610735	0.0024711740492044908
581.0	0.001304371197762775	0.0013647255677687038	0.00035907537349026637	-0.000403925376339354	-0.0004602746707887115	-0.0005078749050494734	0.0022122486779984395
582.0	0.0013082812125098776	0.0014034894602053816	0.00034295932659462395	-0.00040218443598178354	-0.0005385126027009678	-0.0005161257524735796	0.002132422794297489
583.0	0.0011274463217146244	0.0014310722020486196	0.00027616529552146573	-0.0003842567845634431	-0.0006137736071515392	-0.0005379432106820245	0.0017895535374535313
584.0	0.0012344253783979535	0.0013033911734099727	0.0003705037379555336	-0.00041612126868384073	-0.0005069518238331952	-0.0005994821398887968	0.00155930059465233
585.0	0.0011303755415167443	0.0012213755060225633	0.0003620522229168472	-0.0003808835186656205	-0.0006188094275582888	-0.0006633854423692678	0.0014413903923386384
586.0	0.001012857876062186	0.001159455065149977	0.000407731464117858	-0.0003357214776250893	-0.000514982397614574	-0.0007780004750651783	0.001266058540638329
587.0	0.0011753407111084163	0.001274813694720831	0.0003902809674792699	-0.000353130881200802	-0.00047498104896770654	-0.0007414097604016937	0.0011475867926059626
588.0	0.0011040915534945572	0.0012166254448049449	0.00039715851615447734	-0.0004193890230448456	-0.0005893966712002958	-0.000637556702606815	0.0010101088817876488
589.0	0.0011266827498111458	0.001293135359417369	0.0003401877771284971	-0.00038856413789019805	-0.0005961616051626343	-0.0007041015807448164	0.0009651276298609239
590.0	0.0009563798852707137	0.0012274827275880825	0.0003009754846817814	-0.0003457574867452075	-0.0005505718328077465	-0.0007098413006920246	0.0007456064496832953
591.0	0.0009486256809406004	0.001188906472851012	0.00030567249892853704	-0.000385733946078957	-0.0005418014836391833	-0.0006750659898754793	0.0006895286703926605
592.0	0.0009261858825014291	0.0012286702428924868	0.00034090632699008933	-0.0003446309959256031	-0.0005321888600839985	-0.0007087651032019229	0.000608920462314405
593.0	0.0010323289596007867	0.0012118908058639986	0.00040519321006133853	-0.0003043845511888043	-0.0005354376327180892	-0.0007342024984225293	0.0005459265515655431
594.0	0.0010551571265081086	0.0011306154077572654	0.00028779895994719126	-0.00038858275757316674	-0.0006090764790907362	-0.0006942853551532695	0.00047249364989259345
595.0	0.0008599328548422056	0.0010720878677544002	0.00035373757451846266	-0.0003609139086817121	-0.0005546896186978628	-0.0006302026864244464	0.00033032179281049034
596.0	0.0008411990131414465	0.0012014910506223913	0.0002670698851522563	-0.00044798575280423857	-0.0005845301969665219	-0.0006870780931740965	0.00027814123679817935
597.0	0.0009327354863286482	0.0011536871336714257	0.0003138160640265392	-0.0004435542682576886	-0.0005637719213429566	-0.000807199126160288	0.00030588255520795545
598.0	0.0009484018753826941	0.0011518518827464423	0.0003200559385821595	-0.00041527717638925745	-0.0005649840834231636	-0.0007634011495176246	0.00013568140755264155
599.0	0.0009835393479753357	0.0010712756278492227	0.0002952022009453835	-0.00043637948375376304	-0.0005333163490777323	-0.0007706084114968034	0.00010761372069098032
600.0	0.0007682647313268101	0.0009404433140088481	0.0002805481386166127	-0.00039685920665274586	-0.0005942497759993664	-0.000717015950626043	9.971368434107185e-05
