Wavelength / nm	1	2	3
0.0	12116.770271137322	8756.347882239894	15376.90149435409
1.0	11904.80935157992	8496.140602270518	16086.439071835961
2.0	11647.342015522927	8274.4425587593	16799.547646918603
3.0	11334.806099008409	8068.699134778961	17531.255752320376
4.0	10964.862972753717	7877.309558764065	18255.764840131462
5.0	10555.752982356324	7697.137328820028	18964.091895013677
6.0	10098.008148092056	7526.468919552271	19665.478512157133
7.0	9609.75064855937	7370.912361959352	20339.701388994446
8.0	9102.463986249235	7235.395636507812	20978.327619108175
9.0	8596.492808609513	7115.132244158963	21578.150755893308
10.0	8078.612195065432	7010.171930117094	22138.700778647937
11.0	7578.004163809165	6916.6642162321505	22646.181524405805
12.0	7103.773008121042	6841.540841277878	23083.087721073553
13.0	6673.843589642113	6783.250117154721	23433.026712658437
14.0	6308.67722266435	6738.128593375445	23688.69009418317
15.0	5999.860335471586	6717.923023787216	23839.129758665997
16.0	5761.647903171605	6715.4649226674155	23883.224190863584
17.0	5587.089889113734	6734.693710053319	23829.801978489635
18.0	5473.635860367332	6774.035082938117	23677.927525862648
19.0	5411.512057338117	6837.0149414183625	23407.114225955604
20.0	5390.657545622297	6913.782117823203	23006.512286323737
21.0	5404.876610176124	7012.653138447286	22449.704072492183
22.0	5447.9130728742075	7129.048172665281	21743.838028556165
23.0	5512.805610152357	7262.713137932849	20913.556997867752
24.0	5595.32219701769	7403.918140978543	19987.353599513026
25.0	5694.24466946587	7557.047802294811	19031.684448375177
26.0	5801.894890821796	7719.560663973924	18064.245937936063
27.0	5917.27299758511	7885.93486053436	17087.44666711523
28.0	6037.544017187548	8052.2967933994205	16053.138312272376
29.0	6159.059926403718	8215.429037454334	14898.735500612012
30.0	6287.079825717311	8374.327462183095	13602.045502311485
31.0	6411.002905853401	8530.338317991855	12219.06472116889
32.0	6530.229516087709	8676.768523025912	10845.470361510914
33.0	6648.9101314659465	8811.784211493437	9594.787147339306
34.0	6758.084296598265	8946.54891072988	8528.054095023248
35.0	6866.5162130198205	9066.630558613544	7665.522066326795
36.0	6963.453154498131	9186.04565354819	6982.864542849133
37.0	7052.458742054251	9293.274755583394	6446.4588912312365
38.0	7134.48410462294	9386.73860567622	6026.375429440389
39.0	7203.376569951956	9461.53994292434	5687.875686039391
40.0	7256.252625485037	9530.965292373307	5410.965892770474
41.0	7303.646714336233	9578.047547784729	5184.905955683291
42.0	7333.782403039683	9612.768194752285	4988.984757694019
43.0	7354.970511954528	9640.74271076192	4820.044691383991
44.0	7360.265958392829	9642.545468379405	4669.462590718759
45.0	7349.215767930789	9626.10056472505	4533.228607346648
46.0	7324.016790767671	9601.395208685202	4407.78931043334
47.0	7286.477952599757	9560.53202597301	4289.330741223658
48.0	7237.66464003914	9503.56283255642	4183.021375002807
49.0	7164.602959571821	9442.444708280158	4081.0043501608206
50.0	7082.729453920649	9366.515734716186	3992.6271373233417
51.0	6995.223921982031	9269.92512698418	3916.1746865401583
52.0	6892.647302939118	9163.972761412204	3844.2080070965662
53.0	6775.494330865014	9059.86559290028	3782.063603286166
54.0	6652.300784201532	8938.665658099408	3725.693050960196
55.0	6523.004123192681	8807.726523734704	3677.9762661999853
56.0	6391.957604779904	8667.209415369425	3634.003964182732
57.0	6261.032522679882	8523.81116638303	3599.089962649975
58.0	6129.312920501357	8370.468931256142	3568.1322342706017
59.0	6000.740934972179	8223.507431826714	3543.4093234915495
60.0	5872.594327279026	8066.141344643474	3522.1592675645857
61.0	5752.340832231548	7910.176829530438	3510.9327807872046
62.0	5638.743476766438	7760.08557191604	3503.891613258274
63.0	5526.401467482658	7606.434279124552	3504.036061072859
64.0	5421.550781929371	7460.621740124356	3510.757962127449
65.0	5321.297559320145	7319.332099449282	3523.551069933139
66.0	5226.702022564117	7181.296872600971	3539.491528578218
67.0	5134.608299648117	7048.756083562743	3559.8473080483936
68.0	5049.157906596701	6923.1572757200665	3585.934489397293
69.0	4967.430539733475	6801.563645203858	3617.948025897517
70.0	4888.082009845904	6684.344133799286	3652.69902622964
71.0	4812.894003812777	6572.228065067811	3689.267517984555
72.0	4738.225198561881	6468.2656673022675	3728.5910169820945
73.0	4664.989288308891	6369.6458843593655	3773.9403200824486
74.0	4595.027707875208	6274.979262789473	3822.275596927279
75.0	4524.004448720534	6185.328716382153	3872.502486401547
76.0	4460.744365095636	6102.599793231244	3927.7603677383813
77.0	4394.9899421104255	6025.511076568291	3985.1600820235963
78.0	4334.180820464995	5944.1346299488305	4051.3351246643933
79.0	4274.660385265215	5874.505221898199	4117.160529643048
80.0	4215.611972822373	5800.189908251029	4188.868313655022
81.0	4158.030491941974	5732.816082429731	4266.404387540234
82.0	4097.759549770988	5672.379920570953	4347.981311692944
83.0	4043.548933377574	5611.8574942181085	4435.6287510274815
84.0	3992.0710842557874	5548.221169185779	4527.833019484729
85.0	3940.7507727030784	5489.814506789654	4625.94726901547
86.0	3894.75057428879	5427.90118041996	4732.451985081243
87.0	3838.426738695414	5379.268763806399	4838.669245720346
88.0	3793.849766635928	5324.634445400784	4952.021031245907
89.0	3748.969421816588	5278.56826524729	5070.0548841867585
90.0	3707.8935593600963	5226.995713470453	5200.024408273622
91.0	3671.541640606854	5178.476564864155	5332.813328928122
92.0	3636.6600623589975	5135.284633318384	5468.795987547719
93.0	3607.191826300153	5086.149547256719	5611.2654613365485
94.0	3575.89979081909	5048.446098982393	5757.031771883668
95.0	3553.0076987227417	5011.4538136991405	5911.421257671938
96.0	3534.662494311327	4968.6550302797805	6073.742634182683
97.0	3520.676752196794	4933.836878357573	6239.001744623085
98.0	3516.3835989016425	4892.999406991424	6410.72954336621
99.0	3514.625189557689	4862.325146122922	6583.113893586941
100.0	3514.360263163055	4838.9852325521015	6761.182789634021
101.0	3521.718682096631	4815.918023413388	6942.251187624291
102.0	3536.5914206397492	4790.191421486385	7124.1432770206275
103.0	3561.4209374647617	4768.920468314796	7316.036522520351
104.0	3591.7171321198143	4747.316331755962	7506.244940361045
105.0	3629.993367904936	4731.095210035756	7701.925817664813
106.0	3676.7683759291826	4718.188029607063	7900.506927189456
107.0	3730.4372280516177	4707.276780745698	8098.213173218286
108.0	3789.683711351095	4712.322784552086	8295.865297258515
109.0	3863.270876442201	4710.828526247897	8495.327604382039
110.0	3944.5269281418114	4711.543562243482	8700.231641118022
111.0	4032.379998112382	4721.484267521349	8896.74906401102
112.0	4127.650548004246	4742.526605688345	9100.681552216194
113.0	4234.600860836562	4761.604984490068	9304.964727107794
114.0	4352.871352751058	4784.448187435691	9505.296681632564
115.0	4478.585350450436	4822.450202778932	9700.399233448548
116.0	4619.1126140440165	4853.440284560342	9900.471338588693
117.0	4762.11914872497	4901.67466949006	10094.313746143656
118.0	4924.505979020163	4949.894538088739	10286.623079258823
119.0	5088.760475940109	5007.215774409917	10472.089606400026
120.0	5269.6363303543285	5070.994742810483	10658.814245573692
121.0	5458.327612389208	5141.616491758919	10834.115014609155
122.0	5661.137533130583	5218.516317581089	11004.594001451147
123.0	5878.576434336948	5295.750557205199	11174.230834227043
124.0	6101.184342119791	5392.448108777726	11329.679904051765
125.0	6332.359198653754	5498.766493105156	11474.201364559278
126.0	6586.7952196417755	5602.807663947262	11616.679644718111
127.0	6848.3114349917205	5714.531043140136	11744.633237094988
128.0	7115.561585188841	5840.284015601472	11859.473899950282
129.0	7400.530167187075	5977.230649683812	11959.121891799312
130.0	7689.548055450046	6129.594620949225	12045.352013886999
131.0	7997.009875080974	6271.058090680397	12133.163672651128
132.0	8302.51846880907	6431.180469373194	12203.46028810621
133.0	8631.72939257271	6588.930920449125	12265.706152545026
134.0	8963.5200965916	6742.647096979693	12326.068587860897
135.0	9309.622644175437	6911.235722540558	12378.837739206569
136.0	9664.33989802352	7072.373644885892	12434.432149218686
137.0	10044.518410911014	7236.982815840313	12495.527892470167
138.0	10424.530779605577	7414.189829465015	12516.819045334189
139.0	10808.090812898643	7618.763447521687	12533.274412303464
140.0	11212.972988304755	7819.141924176844	12529.13988539742
141.0	11636.932522929374	8007.8423476909475	12515.74926482909
142.0	12052.496046769225	8235.572896236912	12475.40991965818
143.0	12477.77244445341	8468.855078791468	12400.329699251342
144.0	12895.812720387841	8715.413326320899	12322.315048653603
145.0	13346.34151973793	8962.58692018567	12248.916304964288
146.0	13800.69428908623	9207.354919947857	12158.269233201932
147.0	14244.669666467189	9456.468819477628	12061.480170840652
148.0	14709.44029490771	9692.787883068739	11949.489855106844
149.0	15193.737602985246	9944.430640764089	11819.784789286543
150.0	15650.788684327288	10188.893850162156	11687.85291390336
151.0	16111.357522437362	10430.042885318118	11549.644950911013
152.0	16601.55991035249	10705.598851514513	11388.345490810148
153.0	17068.766876619513	10960.27504034758	11210.164040131305
154.0	17544.469937493734	11207.820851014421	11042.52536031241
155.0	17992.32113184313	11463.680031986029	10843.348207489005
156.0	18467.33046183571	11732.641190164237	10651.121708339775
157.0	18924.35883490577	12025.132068430012	10448.46643154333
158.0	19388.057840710393	12266.450338325225	10239.2260156081
159.0	19859.28313347324	12500.59114503567	10037.153065629122
160.0	20282.40698532274	12750.70667292379	9833.686749686356
161.0	20723.71720973924	13010.220517666534	9584.468946874804
162.0	21170.95955922214	13264.950001443236	9327.334747275054
163.0	21594.023229548628	13537.161876860931	9068.20842051088
164.0	21970.13054071891	13770.967135306853	8837.77209123794
165.0	22373.34792472555	13984.484788949585	8575.101984372957
166.0	22745.336273670775	14243.471428343462	8288.768283273717
167.0	23113.849158462715	14491.825399538022	7999.562364521744
168.0	23482.96810043653	14742.433641312131	7686.33254996607
169.0	23813.50220840656	14954.1390741967	7407.994025113826
170.0	24125.70573437615	15121.5739161095	7148.866113501935
171.0	24412.61125901259	15356.700129388528	6845.2005562483555
172.0	24666.67148633927	15577.298416605543	6566.413559526867
173.0	24921.543257232253	15786.95168828665	6271.306478271202
174.0	25195.04937070675	15959.240663022441	5968.137323020099
175.0	25416.58113515769	16133.64201292932	5680.431640497039
176.0	25584.235842754126	16314.927189613127	5412.221760992562
177.0	25744.597817442875	16422.434937593494	5188.815071899315
178.0	25873.90563805451	16571.91494418855	4911.602819652956
179.0	25986.73677871123	16741.14347193812	4622.22878785252
180.0	26068.7773114363	16848.23696667752	4378.587438866158
181.0	26099.785266587736	16955.792269574667	4137.232241414663
182.0	26135.888340686928	17073.047687768383	3872.4044641252044
183.0	26139.01761325704	17175.16983233949	3608.3908217336343
184.0	26101.302925118824	17245.80606329848	3397.235006912963
185.0	26012.08136793712	17300.495953934547	3183.850351591975
186.0	25907.639931943402	17349.542035763232	2947.8184405024194
187.0	25789.028603193106	17373.372221831887	2716.3859160287675
188.0	25605.25003584484	17391.86542800882	2506.0144601577163
189.0	25445.498266582952	17394.687393014836	2280.585760350452
190.0	25202.873298908613	17399.820940692254	2075.8574468752386
191.0	24958.2542079205	17361.54921495	1873.4927694394694
192.0	24665.370653735503	17382.74028871036	1674.2096218604124
193.0	24363.55644844173	17300.392870261872	1547.5532073560337
194.0	24038.533479370733	17231.67167227299	1396.745947825081
195.0	23657.035587591592	17149.062679265648	1251.496205620182
196.0	23254.71567698813	17031.47817396432	1118.6582751488597
197.0	22816.430525564247	16934.72342629027	967.154737510244
198.0	22370.26494535753	16835.514742281026	821.1098600261583
199.0	21905.260828050257	16665.092367799047	732.7103321573018
200.0	21417.51944347129	16525.636445458003	592.1221533791205
201.0	20946.073190934472	16357.486144127353	517.4113463303509
202.0	20456.399552840692	16138.924670380522	481.3867092347021
203.0	19880.106446568112	15921.501707222093	391.0666224803186
204.0	19316.465122762187	15727.438370886597	273.3785902896605
205.0	18762.92577480322	15482.397522034391	235.65277805343433
206.0	18180.57441896375	15214.002541319036	188.10674586349512
207.0	17590.134592069306	14961.440553003184	129.94651724858417
208.0	16992.063601332662	14695.740702137517	86.61726205857046
209.0	16393.491104570592	14398.44424154196	52.48960704933515
210.0	15803.72603846323	14089.805864187856	24.487534269583072
211.0	15143.120331026092	13783.846011123827	0.0
212.0	14527.530547428496	13476.026892325719	0.0
213.0	13950.786249787801	13121.896999889692	0.0
214.0	13320.682538463996	12790.589402437148	0.0
215.0	12720.759806672431	12432.906233570207	0.0
216.0	12114.855085502955	12073.595364851184	0.0
217.0	11517.865237883285	11701.583727583486	0.0
218.0	10937.956594331527	11339.342638451431	0.0
219.0	10353.221518758895	10966.482228559089	0.0
220.0	9785.09053583534	10593.993396734604	0.0
221.0	9246.369569397226	10229.885286567778	0.0
222.0	8710.459839168683	9850.896074766662	0.0
223.0	8194.518730340968	9484.789042462015	15.460562428843284
224.0	7693.572062256045	9113.057664771799	32.26194852686693
225.0	7193.250610213988	8752.994019600741	41.77758387680512
226.0	6738.7160232362385	8393.114902146881	57.32072962167896
227.0	6289.794937575407	8039.920155150506	67.29365960537429
228.0	5860.682087201252	7684.823110081324	66.73222993869919
229.0	5458.169454876621	7346.38209958542	80.91458416902219
230.0	5084.922918172724	7013.3731552629815	99.75766579463127
231.0	4727.153577443244	6674.674632326872	116.30757938784012
232.0	4392.039562007713	6348.161545494521	127.59126292811426
233.0	4055.163164427927	6043.6026741610785	126.21831115404953
234.0	3732.573366351533	5755.844174813701	110.37806084864853
235.0	3448.852954880034	5465.188845287524	115.70016061773666
236.0	3197.845133640295	5190.933479400281	128.82580870392894
237.0	2960.016812058786	4903.071918105512	153.78052713351624
238.0	2716.794436547041	4658.676012994856	144.49398071861603
239.0	2506.006462422721	4404.99296120846	146.56319222875135
240.0	2308.434411455296	4167.2385808641075	157.35364533970446
241.0	2113.2288666801383	3938.200015817595	142.79196364510338
242.0	1931.3268873372765	3735.843089144853	127.34437649772468
243.0	1764.1493793604739	3541.5507086401135	113.34073938840571
244.0	1620.4241574968135	3339.9908957118555	119.79877000803754
245.0	1483.9961221817732	3162.407616384332	122.40057707433226
246.0	1353.7976058043016	2996.04435266323	110.79934085680841
247.0	1244.132784961462	2824.8852135337897	118.28145108222189
248.0	1132.3358256084289	2681.605167210949	104.0766540866462
249.0	1032.2321241263662	2542.250923218146	99.33339623388525
250.0	934.6245030757232	2413.326919153262	87.35216082098317
251.0	858.8470031093274	2280.7263444935747	89.31153764388291
252.0	782.7426787409125	2162.635835811393	87.26129892874124
253.0	714.7656905458696	2051.0469572798847	87.9477670982936
254.0	644.5665552439594	1956.2527165091203	70.19974620676612
255.0	574.9963159276772	1872.5732208719967	53.99906454392055
256.0	436.8589068389095	1882.3021575857388	0.0
257.0	555.870414231919	1594.3018023531854	157.61958656261058
258.0	500.86832314632414	1568.8861800987793	152.84648636600213
259.0	420.00133328406895	1511.8929137246216	89.47266271933981
260.0	362.26635103420045	1482.2803792506056	47.417598703695894
261.0	326.9944568569853	1419.8679355293032	43.36630753337474
262.0	293.16551046470624	1372.603618203892	38.3837177164819
263.0	262.11038180974157	1322.3243594401295	30.81541562368964
264.0	235.33637977523549	1278.2740406716198	20.591893324061083
265.0	215.51080687330122	1229.309608620884	26.553154278166968
266.0	188.5472900406216	1202.970949246095	4.677604036957691
267.0	171.9174216389065	1155.1621411481228	8.561787425605793
268.0	154.26797867639186	1130.1416795253936	11.055655627140672
269.0	133.551099724107	1100.5918389643284	0.0
270.0	118.77401732014614	1073.9431276433602	0.0
271.0	111.51087559046552	1033.8583230039592	0.0
272.0	91.8558565648217	1021.1397773729605	0.0
273.0	83.82638267561467	998.3897184193015	0.0
274.0	75.6297317525203	970.3305215316551	0.0
275.0	65.30790345315069	952.2241872457644	0.0
276.0	53.94750930411976	941.602550323125	0.0
277.0	51.202280939498806	916.3017280925327	0.0
278.0	37.302197644987366	910.6607384098422	0.0
279.0	34.54094163732477	895.0251528517264	0.0
280.0	23.573162458125445	887.0164913843292	0.0
281.0	17.511229218122796	877.2371579308538	0.0
282.0	13.851294159450983	856.3958365042637	0.0
283.0	9.477104010147398	854.2167209268137	0.0
284.0	5.347910443154867	847.064322353292	0.0
285.0	2.3517854744122855	834.5885763791803	0.0
286.0	0.0	826.1395317697167	0.0
287.0	0.0	812.5458901054976	0.0
288.0	0.0	799.7711207655487	0.0
289.0	0.0	791.6053729118806	0.0
290.0	0.0	782.4723938022029	0.0
291.0	0.0	774.4097820637505	0.0
292.0	0.0	767.8416571251053	0.0
293.0	0.0	765.4787584468895	0.0
294.0	0.0	750.5380341859761	0.0
295.0	0.0	746.2529982658945	0.0
296.0	0.0	738.2996717169858	0.0
297.0	0.0	730.888456667098	0.0
298.0	0.0	720.755325655683	0.0
299.0	0.0	717.2856721576425	0.0
300.0	0.0	711.5201719874368	0.0
301.0	0.0	702.8984011916258	0.0
302.0	0.0	697.3023343132126	0.0
303.0	0.0	689.7725707475546	0.0
304.0	0.0	683.7570332609989	0.0
305.0	0.0	676.5755867993967	0.0
306.0	0.0	672.2571491746694	0.0
307.0	0.0	664.7904271552687	0.0
308.0	0.0	660.3075948815916	0.0
309.0	0.0	654.6683788190466	0.0
310.0	0.0	647.1942715836396	0.0
311.0	0.0	641.7332704449482	0.0
312.0	0.0	635.0562388477615	0.0
313.0	0.0	630.6649018284899	0.0
314.0	0.0	623.7435739664791	0.0
315.0	0.0	618.4410882056476	0.0
316.0	0.0	615.7932413538676	0.0
317.0	0.0	609.6283292540719	0.0
318.0	0.0	607.5657813637947	0.0
319.0	0.0	599.2995333390973	0.0
320.0	0.0	596.7550352695499	0.0
321.0	0.0	592.731733405116	0.0
322.0	0.0	590.7619631566985	0.0
323.0	0.0	585.586835597383	0.0
324.0	0.0	582.640459756851	0.0
325.0	0.0	579.5217279799065	0.0
326.0	0.0	577.6859583871641	0.0
327.0	0.0	575.3540558639024	0.0
328.0	0.0	572.3420497174938	0.0
329.0	0.0	571.01912928376	0.0
330.0	0.0	571.2379148487842	0.0
331.0	0.0	571.222129777307	0.0
332.0	0.0	568.2074273631569	0.0
333.0	0.0	565.8302094647073	0.0
334.0	0.0	569.381087582352	0.0
335.0	0.0	569.4840562149882	0.0
336.0	0.0	566.9058789034186	0.0
337.0	0.0	568.4238557748118	0.0
338.0	0.0	572.2003440837215	0.0
339.0	0.0	576.9647779553637	0.0
340.0	0.0	577.9745073397388	0.0
341.0	0.0	580.6382210003896	0.0
342.0	0.0	581.8843390401751	0.0
343.0	0.0	580.3875654282004	0.0
344.0	0.0	585.9644102421136	0.0
345.0	0.0	587.6998367981296	0.0
346.0	0.0	586.5892869546622	0.0
347.0	0.0	596.3555873988211	0.0
348.0	0.0	595.184915454982	0.0
349.0	0.0	592.3104582031638	0.0
350.0	0.0	594.8274048869392	0.0
351.0	0.0	604.5369492496034	0.0
352.0	0.0	605.0030422857358	0.0
353.0	0.0	593.0749625913321	0.0
354.0	0.0	599.3822397789984	0.0
355.0	0.0	605.9383143231162	0.0
356.0	0.0	603.991788075652	0.0
357.0	0.0	604.768243185748	0.0
358.0	0.0	608.7241391700575	0.0
359.0	0.0	602.9408372561375	0.0
360.0	0.0	603.9763458267539	0.0
361.0	0.0	606.4584269557237	0.0
362.0	0.0	607.4362467453597	0.0
363.0	0.0	615.6508330550901	0.0
364.0	0.0	609.434145273245	0.0
365.0	0.0	615.003273028311	0.0
366.0	0.0	608.2567317872031	0.0
367.0	0.0	612.892097822601	0.0
368.0	0.0	611.8254775654249	0.0
369.0	0.0	614.7019667282813	0.0
370.0	0.0	614.617040869102	0.0
